27.3628455268
25.1913197835
29.1107618544
29.1941087511
27.0985955132
27.8847130669
25.1670210097
26.4947916667
18.4166649712
21.8041636149
23.6839697436
25.0923614502
33.7902730306
19.1059010824
17.2166629367
29.1121554905
22.3899315728
39.2140872579
20.9010433621
31.6909722222
nan
29.5117933485
32.2548522949
31.2461819119
33.2426995171
30.1229044596
29.9809027778
27.8631913927
26.5131920709
28.9072842068
36.2593926324
29.9246385362
31.0548570421
28.8933953179
28.3246561686
34.8993143431
30.5458340115
31.3159620497
30.2989434136
25.7364586724
30.9100714789
37.6968722873
43.8798590766
44.9229227702
40.2420077854
34.2493048774
35.7409600152
39.0975884332
24.3951382107
37.1274312337
32.1857706706
34.9875115289
37.3584500165
32.2610914442
38.2385525174
29.4763827854
29.0798678928
30.5208468967
25.8010372586
27.7204827203
30.5689888665
31.0815972222
30.966668023
25.6809065077
26.0281219482
26.8406219482
27.1313253053
24.7152760824
27.0197804769
34.4024386936
32.1118197971
nan
nan
28.8729078505
29.2572869195
32.2200772997
37.3097127279
34.8190917969
30.4534844293
35.3048706055
31.4729207357
33.6326293945
32.2288869938
41.8194376628
42.6531270345
41.1736280653
41.661787245
42.1225823296
39.7277798123
43.2808973524
45.3930596246
45.4597100152
42.2618272569
34.5278182768
34.8968539768
48.3107537164
28.5993008084
38.0423583984
39.9076402452
31.444088406
35.7812432183
20.2944454617
22.3006947835
32.1576334635
26.8621487088
32.1572842068
27.8621368408
32.7292274153
32.1097242567
37.7125142415
37.440955268
30.4385274251
29.0701429579
30.298956977
27.7649383545
29.7586737739
29.5482720269
35.5961676704
27.8236930395
31.8541700575
38.3906216092
32.2771030002
36.0472344293
35.8038194444
30.1774393717
28.4406212701
35.6267327203
29.6905862097
38.9451463487
37.9628567166
31.4416673448
34.8729315864
29.8468729655
36.9436619718
41.2860989041
37.5475701226
31.3850674099
37.0274488661
32.8385450575
43.6583184136
37.0310254247
38.6284823947
37.1194424099
34.756954617
35.2562527127
38.1505131206
36.2649400499
35.6109292474
41.0618116591
51.7927212185
37.2975701226
46.4871520996
39.6090257433
43.2895677355
36.0354376899
47.2784729004
41.5395745171
35.4683939616
35.8062506782
38.2288174099
45.5888807509
48.142364502
44.8822835286
44.5579901801
40.0211961534
47.3958163791
54.228129069
46.2878553602
58.7284749349
49.1788262261
60.3788316515
50.0062594944
63.1882052951
68.8616444762
51.0107693142
50.5506964789
45.7604200575
29.7989671495
33.092010498
35.4840426975
29.8878479004
35.4673461914
27.7170088026
29.497209337
26.0222015381
27.6868048774
30.7572869195
26.3591618068
27.4503479004
32.0836825901
37.220831977
31.9048733181
29.7649230957
nan
24.7465379503
23.6045193142
22.5836724175
26.524307251
24.67986891
27.7173733181
23.3194444444
27.3590359158
24.2125006782
28.4204915365
26.385008915
25.9829949273
26.766333686
26.8243990908
26.1232571072
25.561114841
27.1836717394
30.6552871919
33.371866862
24.4847123888
26.2680596246
24.6708357069
35.9652879503
27.4385443793
26.2680579291
26.0850626628
nan
30.5506863064
28.7402716743
32.9034830729
29.906592475
36.2517361111
26.7982635498
24.6631944444
31.6732618544
nan
nan
44.3784790039
41.5795254178
37.2388983832
44.3006863064
37.8468309859
33.7128465441
31.4440985786
29.4256829156
32.6618075901
34.9673699273
39.5510355632
31.7305501302
nan
29.4305623372
23.5461815728
nan
34.0631713867
38.5565999349
34.4135572645
35.1864725749
30.5357835558
27.7059088813
28.5270792643
26.0704786513
27.5861053467
31.6996459961
33.8753644916
30.9394428092
39.5322943793
36.4475572374
46.8007134332
29.2809109158
42.7295057509
25.9753468831
55.733323839
56.3128289117
28.6718817817
29.8180609809
31.0715298123
29.9965379503
29.9173550076
35.7319573296
27.1350504557
29.3514099121
25.6295888122
29.1020812988
24.4413062202
24.1656205919
25.6361202664
30.3024393717
26.6642523872
26.9850599501
30.106241862
28.1940951877
25.4131876628
25.74236891
36.0312466092
31.8423665365
45.0795152452
38.9604187012
28.0871463352
33.3732740614
26.8364562988
30.9313552212
nan
25.6580013699
23.1295081245
23.5270826552
26.5840199788
23.5274302165
26.5836724175
23.530553182
26.5840199788
23.5305548774
26.583674113
23.5354105632
22.2423570421
23.535756429
22.2517344157
32.4437527127
23.9565887451
32.4437527127
23.9513804118
4.78175455729
0.180555555556
12.682639228
1.30208333333
7.32673560248
4.31805547078
nan
nan
43.4683905707
39.3822903103
26.4795108371
25.2666676839
36.6934000651
31.4788275825
35.0913187663
47.0381944444
43.80762736
42.1343688965
33.0975511339
33.1552768761
33.6670193142
40.2135484484
35.2336764865
38.6468777127
31.6951429579
31.6951429579
42.6257019043
29.4090169271
43.2895846897
42.2315911187
nan
53.5590209961
50.863559299
70.2197943793
68.0638766819
25.1531236437
25.8687405056
34.4829915365
28.9899325901
69.621887207
67.7871432834
70.5801595052
69.2430487739
59.0978936089
67.9138929579
59.6882052951
67.6669921875
63.0044894748
67.7392374674
63.3763902452
65.942946743
49.0301751031
51.7402716743
45.6253628201
49.3965182834
49.7187432183
51.3913370768
49.9774305556
52.0347188314
55.9698045519
54.6374952528
24.5565948486
37.3055555556
25.8267279731
40.1295132107
53.1041700575
16.6708357069
0.0
4.98124991523
47.1329888238
nan
41.6791653103
47.0343797472
39.0405101507
37.1819356283
33.1541714138
35.0666707357
26.0572916667
30.7465243869
34.8191019694
32.6156311035
25.1493021647
26.0534854465
26.6131913927
29.1590372721
35.4166666667
35.8045043945
38.024295383
29.8128458659
35.2166748047
27.8177134196
30.9802076552
27.3784806993
26.6267411974
28.455549452
26.848965115
33.6913113064
27.3895857069
30.1434258355
32.2298753526
35.4398038622
31.0454915365
31.5079888238
33.1663208008
33.8444349501
30.7166748047
31.3753594293
25.9229210748
28.8875020345
25.0848594988
26.6076287164
33.3055623372
29.2701416016
26.7069515652
33.7239481608
32.0656229655
33.0618014865
22.2225748698
21.9986131456
26.8364512126
27.6736161974
34.9079827203
30.984717475
nan
35.8944363064
31.6465352376
43.6371459961
31.9482760959
1.62083329095
0.0
0.586805555556
1.57638888889
0.664583312141
0.173611111111
40.9225667318
31.8243204753
54.5197923448
48.102077908
42.9819302029
54.0506964789
35.4374932183
29.9107632107
0.319444444444
0.159722222222
32.4999966092
27.624657525
48.342010498
34.5416063429
0.0
0.118055555556
39.9794955783
30.5447964138
37.4868062337
30.9570415658
49.260409885
42.2809007433
42.7545301649
41.751739502
0.0
0.0
35.4256099232
36.843041314
37.9506869846
36.6409776476
45.3645867242
32.3979085286
39.8749896842
39.6093716092
39.1704847548
34.4142320421
0.0
0.0
0.0
0.25
2.10763888889
0.0
42.8090176053
49.1600748698
0.375
0.604166666667
0.0798611111111
0.443661971831
41.8534749349
45.2045118544
0.0
0.0
0.0
0.0
37.170823839
45.0923665365
0.295138888889
0.635416666667
41.3913235135
50.230919732
0.0
0.0
40.5633983014
50.3628506131
0.295138888889
0.0
39.1069471571
50.5274319119
0.0
0.0
40.5815904405
49.1500176324
0.0
0.0
35.090959337
33.2489624023
28.3684031169
0.0
34.8145853678
