28.0444522434
25.9402618408
30.0548706055
29.7256978353
26.6486104329
28.136461046
24.5183953179
27.0340355767
18.4638926188
22.6795111762
23.8728257023
26.4479234484
33.3052198622
21.4520772298
18.9527808295
32.3760409885
25.3624979655
42.1300603693
24.1958380805
33.4350721571
nan
28.9069349501
31.8701477051
31.637491862
33.5163099501
30.4812486437
30.9145846897
29.4746432834
27.9559071859
29.3642272949
38.2881944444
31.0725708008
32.023952908
29.4812554253
29.8243103027
36.4391424006
31.5850626628
30.9256930881
31.4548577203
25.4791700575
31.8795098199
39.6513841417
46.1315850152
46.086795383
44.079498291
35.1111178928
35.9451327854
41.1250067817
25.6527879503
38.633670383
33.8472188314
36.7527804905
37.5800644668
32.3795301649
33.2965291341
28.8774210612
30.1972181532
30.4993014865
26.5458221436
27.7763858371
30.2298550076
31.194088406
30.6187608507
26.3142344157
25.5961761475
27.2479146322
28.8632914937
24.7847137451
28.0822974311
34.5711771647
32.3475748698
nan
nan
29.534383138
31.4579806858
32.967111014
38.8038024902
36.3552008735
31.3708326552
35.6784566243
31.276034885
35.6326293945
33.8300747104
43.2645704481
43.6871439616
41.7111104329
43.0743069119
42.3517218696
39.5704854329
43.1500006782
45.6444329156
45.313873291
40.8868001302
33.8125956075
34.1847330729
48.2579854329
29.4333326552
37.8573031955
38.3239678277
31.070827908
35.17674764
20.3930579291
22.1982591417
32.2757025825
26.6569502089
32.2753533257
27.8809017605
33.1916008796
31.638885498
38.212504069
35.9375067817
30.823618571
28.0697953966
30.2736172146
27.637846205
30.1899515788
29.2420145671
35.39549764
28.3333384196
32.3566080729
37.8847317166
32.4097459581
36.1520623101
36.1312798394
30.6121487088
29.6475863987
35.8850606283
30.7927076552
39.0704752604
38.5572814941
32.6277804905
35.5975579156
31.0263977051
37.1321705638
41.5215081109
37.5281134711
31.2902798123
34.8364562988
28.2426978217
45.9419928657
34.9083353678
38.6114501953
36.9850701226
32.8972269694
34.548956977
39.3697814941
35.924987793
34.3255265243
42.8228997125
56.8302103678
40.8159823947
49.0225728353
43.6312561035
44.463534885
38.3267483181
51.3506910536
45.7770826552
32.4874945747
37.4045037164
38.8069254557
44.0125054253
50.1215413411
47.8986172146
44.5947604709
41.3954739041
47.1062588162
53.1434054905
46.9000074599
56.8902723524
49.4156324599
58.2868109809
50.5996263292
61.8680759006
67.2133003715
52.0423312717
50.8302035862
45.8069525825
30.6669921875
34.2229105632
36.3895704481
31.0777723524
36.5559149848
28.2642381456
30.6909756131
27.5034790039
28.6645711263
32.353129069
27.9157288024
29.2145928277
34.2132059733
38.3764105903
33.9583502875
31.3676995171
nan
25.079510159
23.8916795519
23.4673699273
26.7531178792
24.124657525
27.265625
23.1784701877
26.9180467394
23.8503417969
27.4343787299
27.9652760824
25.8968794081
27.1145884196
26.2937605116
25.5701378716
25.2975667318
25.6347283257
32.5111894941
32.7746548123
23.7600623237
24.4899308946
25.116317749
34.8711717394
26.1381920709
24.4899291992
25.1767340766
nan
30.9145745171
28.3975660536
32.3625013563
28.5395711263
36.9954766168
27.2708384196
27.4302181668
34.9552001953
nan
nan
43.6104092068
43.2944302029
37.2635464138
45.4840562609
38.509796356
33.9510498047
31.3899264865
29.8809034559
32.7659776476
36.5618014865
40.9989590115
31.0621541341
nan
30.2204861111
24.5364617242
nan
34.7840203179
38.6826375326
35.2246636285
35.6756761339
29.7361009386
27.3843756782
28.4194454617
26.4052107069
28.4968736437
32.7555575901
35.2010352928
32.6639907944
41.6597018772
38.7499966092
47.1923658583
30.3829956055
43.362508138
27.3295067681
55.0871717665
56.4017469618
27.9163241916
29.5315992567
32.1947869195
30.0066053602
29.8149414063
34.4836798774
27.4333377414
30.4413079156
25.9912553267
28.2256893582
25.5989583333
24.637846205
25.9479014079
29.6194322374
28.2413279215
29.198618571
32.4767456055
29.7211846246
27.1152869331
26.8416629367
37.3958231608
34.1145833333
46.9291856554
41.9600592719
30.9461771647
34.8479003906
29.4767456055
31.8598018193
nan
26.2218814426
24.2941063775
23.8055589464
25.3628540039
23.8069491916
25.3628523085
23.8055606418
25.3631998698
23.8065999349
25.3631998698
25.1326429579
23.2274305556
25.1312544081
23.2270846897
31.5642428928
25.6309051514
31.5638902452
25.6371544732
3.77202814276
1.64236111111
11.5333336724
1.84375
7.12222205268
3.89999983046
nan
nan
44.8548448351
42.6225585938
26.6180589464
25.9034661187
38.0173611111
32.8104214138
38.0802171495
47.3347235786
44.8624979655
44.7441067166
32.978129069
34.9716899312
33.8100823296
39.9065958659
34.3267279731
37.4350552029
32.1538119846
32.1538119846
42.5684000651
29.8503621419
43.291337755
44.3135579427
nan
54.7284783257
53.198961046
69.477077908
70.4517211914
22.5593753391
27.3111046685
35.2454901801
29.5833265516
68.7010362413
68.5603773329
70.003112793
68.0784912109
60.5020751953
68.108323839
61.503133138
67.6103990343
62.6902940538
66.8184339735
63.2232937283
64.9265665975
49.7399291992
52.3472357856
46.4823031955
50.2847391764
52.6680501302
52.290629069
50.9308980306
52.5548502604
55.9840121799
52.6822916667
29.4670172797
37.7274509006
27.4374966092
40.3156263563
55.279510498
16.5253431532
0.121527777778
5.50659730699
47.7062547472
nan
41.0961947971
47.0920138889
40.1234361342
38.0336778429
33.0433993869
35.670844184
26.260409885
31.4222208659
34.1993136936
33.5225660536
25.7454901801
27.0107676188
26.6437530518
29.0805528429
36.0500115289
36.8093770345
37.289920383
32.1093783908
34.5430636936
28.0173458523
30.7132161458
27.1628401015
27.2694481744
28.0440979004
24.7708367242
32.6253390842
27.8117980957
30.5413241916
32.8406304253
35.4720313866
31.9229193793
32.8163113064
33.5882025825
34.6284857856
32.3246392144
32.1177198622
26.4930538601
29.9166564941
25.8077042586
27.4420199924
36.8680487739
28.8409762912
24.8510453966
32.6357557509
33.8711886936
33.8326348199
23.094104343
22.1347215441
28.4680616591
28.1604156494
37.1142442491
31.4385477702
nan
39.4888949924
30.9326544868
47.3798556858
31.1694539388
0.541666666667
0.534722222222
0.488888899485
0.545138888889
0.496527777778
0.190972222222
45.7899373372
31.1239657932
55.2448018392
52.2524176704
48.7426961263
54.5288391113
37.9420301649
35.2426995171
0.159722222222
0.0
36.2864617242
34.5468648275
51.1399332682
41.9989483173
0.121527777778
0.0
44.304172092
37.9100613064
41.7923617893
39.7146866805
51.5132141113
49.5149366591
46.1645914714
48.7732577854
0.0
0.0
37.8416815864
41.8121541341
39.4288262261
41.5916714138
46.1941019694
38.7388983832
41.2321521252
43.896891276
40.3274197049
39.7666659885
0.0
0.0
0.0
0.0
3.0
0.159722222222
49.3152838813
53.3180609809
0.0347222222222
0.243055555556
0.0
0.0
47.2607591417
48.4125094944
0.0
0.0
0.0
0.0
43.8916524251
49.9114752875
0.5
0.590277777778
48.4402737088
54.0892367893
0.0
0.0
46.7027553982
52.9691229926
0.0
0.0
45.9999864366
52.559387207
0.0
0.159722222222
46.8784891764
51.8218451606
0.0
0.0
40.7454833984
35.6374952528
29.2708231608
0.0
35.1486036513
