26.1753472222
19.375
28.078125
24.0225694444
21.6197916667
26.0503472222
19.6059027778
24.6805555556
11.1319444444
12.9305555556
18.1458333333
14.6180555556
18.59375
8.96875
5.88194444444
0.0
0.0
0.0
0.0
0.0
nan
28.1691012912
32.4520840115
32.2104119195
33.7996487088
30.0260450575
30.2510375977
29.1944444444
28.7083333333
27.4444444444
38.3559027778
28.8020833333
29.6649305556
31.3038194444
27.1996527778
34.3701754386
32.6579861111
23.364912245
30.7193976508
14.9895833333
21.9409722222
39.4131944444
48.1006944444
47.4166666667
43.1319444444
36.0954861111
37.0694444444
41.8368055556
23.1006944444
40.5590277778
30.40625
36.4631991916
39.5101768092
34.1506924099
38.5201653375
30.714586046
30.2381998698
34.8645833333
25.0177120633
28.4232669406
29.8378465441
34.5492655436
35.0999586317
28.4051700168
25.918709649
25.296875
20.8473684211
24.4704861111
29.7465277778
35.235535306
35.3440450033
nan
nan
26.9965277778
20.8368055556
31.6175438596
40.4670138889
36.6985473633
31.1527777778
35.2568969727
29.3611111111
35.3923543294
34.4540296053
43.3090142144
44.4805501302
42.2458292643
43.0746358236
43.8503723145
40.4933946398
45.6791754829
46.8423563639
48.0180392795
42.7541775174
33.8852556195
35.4045003255
51.6475626628
26.0715298123
39.3676859538
41.1166483561
31.6166449653
38.2267320421
14.0208333333
2.47569444444
34.2677035862
23.6600663927
34.2677035862
24.5263875326
34.4319250274
32.7041524251
40.1670193142
37.5478854709
30.0430569119
28.2548438178
26.9534708659
25.7180464003
32.8336859809
30.0371568468
37.9565870497
24.1480887277
35.2520785862
40.3621690538
34.9749891493
39.0718655056
38.3350728353
32.8909640842
29.6118164063
38.6791687012
30.7383356925
41.2666422526
40.442006429
32.4586961534
37.6006910536
30.9083421495
30.7982421875
41.8430480957
33.8083258735
26.3413221571
14.1527777778
12.1111111111
44.6180555556
24.956445993
40.0590277778
37.0885416667
34.125
34.5034722222
41.5787794325
36.7766960992
35.3684210526
42.3333333333
58.4791666667
37.6909722222
51.5989583333
44.2256944444
46.8680555556
39.234375
52.0121527778
47.3368055556
32.5989583333
39.3732638889
37.3559027778
46.5434027778
50.0555555556
48.1319444444
45.0895792643
40.1208292643
47.518049452
50.7892252604
47.6065945095
54.2326287164
50.3607618544
56.7878451877
51.5086839464
58.7850748698
61.0421052632
51.6701388889
11.6736111111
45.9791666667
31.4982638889
30.9131944444
37.0052083333
27.015625
38.3368055556
25.0555555556
30.1743062337
25.7774437798
24.3524220785
32.9586724175
25.9007075795
28.7236090766
31.4433865017
37.3947821723
35.1340230306
32.3684014214
nan
16.5798611111
15.6319444444
15.0086805556
17.5885416667
11.8524305556
20.2899305556
11.2013888889
19.9565972222
15.15625
17.9756944444
19.2762237762
16.375
16.8246527778
16.5716783217
20.3958333333
18.5920138889
20.1510416667
29.3438596491
31.6006944444
16.171875
15.6493055556
2.53819444444
15.21875
26.3333333333
15.6493055556
2.53819444444
nan
30.3541666667
30.4930555556
29.9114583333
3.69791666667
35.5486111111
5.77777777778
26.9305555556
33.9236111111
nan
nan
41.6423611111
7.76388888889
36.4812486437
9.578125
18.5066680373
26.4392361111
20.0628458659
22.1996527778
13.9013900757
24.6527777778
40.1263970269
17.75
nan
28.3472222222
13.6354166667
nan
36.8527764214
40.0434027778
35.4884914822
37.5235595703
32.3552076552
28.2927076552
19.7239583333
17.9322916667
28.7329847548
34.4895833333
39.9021038925
35.7196477522
44.7958340115
40.9253472222
61.0142347548
24.7743055556
58.3736097548
19.5555555556
58.0364583333
59.0989583333
33.7534281413
30.4943822136
36.0072903103
33.4635416667
35.0399305556
42.8149312337
32.4409722222
34.3187493218
22.5480708607
27.4079861111
26.0568949382
26.6426713732
27.6857638889
34.2381930881
30.5694647895
31.7916632758
35.1822916667
33.3003540039
29.96387736
28.3451453315
39.9868130154
36.5798577203
54.4375203451
47.924299452
25.1909722222
29.140625
23.2326388889
19.6719298246
nan
18.2534722222
13.9722222222
13.3715277778
16.8854166667
13.3715277778
16.8854166667
13.3715277778
16.8854166667
13.3715277778
16.8854166667
10.9444444444
10.3333333333
10.9444444444
10.3333333333
20.2673611111
18.1423611111
20.2673611111
18.1423611111
0.0
0.0
0.0
0.0
0.0
0.0
nan
nan
56.1833394368
48.0913357205
20.4913194444
17.2916666667
40.3611111111
31.8090277778
42.3666585286
48.8211737739
56.0229187012
51.0479125977
36.420844184
35.9540467379
29.4760030111
37.0843234592
5.63541666667
7.34375
0.0
0.0
42.6597222222
27.6041666667
43.3933953179
47.7850680881
nan
50.9142768674
54.8749830458
69.545457628
69.5670301649
0.0
0.0
0.949652777778
0.0
67.1159939236
66.5454847548
68.0996500651
63.6784600152
60.3427056207
67.0611029731
60.967719184
66.9461805556
63.5381944444
67.5295003255
63.3819444444
65.856839364
50.9378492567
52.647579617
47.6444430881
51.4864671495
54.0395812988
54.8645935059
50.4996541341
54.7361111111
56.9774305556
54.4985928006
0.0
3.88541666667
0.0
0.0
0.0
0.15625
0.0
0.0
2.94444444444
nan
44.015625
50.1128472222
41.5210526316
39.0225694444
35.4079861111
36.6423611111
20.5006815592
34.0190395779
28.467332628
36.4815470378
24.6892361111
22.0538194444
21.1024305556
33.8246527778
37.6979166667
37.8229166667
33.2725694444
31.3663194444
33.7395833333
22.984375
32.3802083333
23.6527777778
21.7517361111
26.0642361111
15.125
35.6597222222
28.8065829807
33.8367445204
33.100704617
32.4175438596
33.7305569119
33.4274291992
34.8177083333
38.8211805556
31.4933980306
32.4759894477
24.8458421495
29.1089816623
24.8621059485
27.2357313368
36.4114583333
28.0121527778
15.1701388889
35.6909722222
32.3211805556
34.4756944444
16.0413191054
13.8698009915
23.2482638889
28.1388888889
35.4704861111
31.6614583333
nan
0.0
1.69444444444
0.0
1.69444444444
0.0
0.0
0.0
0.0
0.0
0.0
0.0
1.69444444444
20.8784722222
17.5659722222
16.2222222222
21.0052083333
11.9635416667
12.1840277778
0.0
0.0
11.6319444444
11.0277777778
14.3003472222
14.3671328671
0.0
0.0
18.4704861111
15.7708333333
8.97048611111
15.3754385965
20.9583333333
20.2152777778
17.2013888889
18.2951388889
0.0
0.0
9.65263157895
7.57638888889
10.703125
9.72916666667
15.0
6.40625
13.0263157895
11.7881944444
12.1770833333
11.4861111111
0.0
0.0
0.0
0.0
0.0
0.0
18.9375
20.1614583333
0.0
0.0
0.0
0.0
17.0034722222
16.5225694444
0.0
0.0
0.0
0.0
16.0381944444
18.4097222222
0.0
0.0
15.5173611111
20.6875
0.0
0.0
16.4494773519
18.0208333333
0.0
0.0
13.7048611111
19.4340277778
0.0
0.0
16.8506944444
13.0243055556
0.0
0.0
0.75
10.0902777778
12.8993055556
0.0
16.8229166667
