27.4663153754
24.7850748698
28.8333333333
28.5999891493
27.3517371284
26.8888871935
25.7656165229
25.4916703966
18.2076348199
21.7291717529
22.3256869846
24.6822865804
32.4881930881
17.7611117893
16.9788191054
29.4288160536
23.6861046685
40.7087257731
22.883682251
31.7385491265
nan
28.0833333333
30.2913140191
30.1784735786
31.0048556858
29.3187493218
28.6517266168
27.2034657796
26.0427076552
28.5638868544
36.213212755
30.9048631456
31.1895921495
29.6194458008
28.8156161838
34.3351787075
30.9420030382
30.1659715441
29.9027845595
25.5902743869
30.9527757433
37.3333333333
45.528825548
44.1711866591
39.2559102376
33.3871459961
34.8309088813
37.9739515516
23.8333299425
35.6951361762
31.3565979004
34.9513821072
36.3944291703
32.3506944444
37.2038235135
29.9461839464
29.2232632107
31.1072964138
25.6819390191
28.0364617242
31.4739583333
31.9104207357
31.3677062988
26.9868028429
26.0951436361
26.8100535075
27.297911109
24.685075548
26.5836808946
35.1461859809
30.8947855632
nan
nan
28.5010477702
29.1611022949
32.3187949151
36.9451395671
34.5534701877
30.2152777778
33.7802056207
30.7159695095
32.8558959961
30.2379716082
39.7232699924
41.9652709961
40.5579867893
39.5899217394
41.0798407661
37.6829867893
42.0170016819
44.3357476128
43.6531405979
41.249291314
34.7383459005
34.0402730306
46.4986131456
29.1687486437
37.2659573025
38.2767367893
31.2128499349
35.2385321723
21.2284698486
23.4607611762
32.702782525
27.1374935574
32.702782525
28.0666656494
33.0884997006
30.7691040039
37.9440985786
34.6534661187
31.4347127279
28.3677046034
30.3444349501
28.1572875977
29.6579861111
29.8079833984
33.6614481608
27.8968743218
31.6385565864
36.2215372721
31.7989705404
34.187842475
33.8659735786
30.0475769043
28.0913153754
33.6552124023
29.4104105632
36.8899298774
36.2861294217
31.2555711534
33.156592475
29.5677015516
34.446690576
39.9413079156
35.9406229655
30.5701327854
35.3982611762
30.6694335938
43.214586046
36.4871758355
37.4597269694
35.7628377279
33.7423536513
34.1086798774
37.3326483832
35.8184102376
35.5184764264
39.9989420573
53.5635409885
39.8451199002
46.424665663
41.4079827203
42.8027682834
37.0934143066
50.1892361111
43.8753492567
34.7006971571
36.5611097548
37.9930725098
44.9746602376
49.5784708659
45.9152933757
44.3125169542
39.4510396322
46.5767415365
52.1031188965
44.4701300727
53.9562479655
47.1423916287
55.7038269043
47.7826334635
58.8708089193
63.124414743
48.9715338813
50.630923801
44.660756429
29.8100653754
32.4211629232
34.8340182834
29.6156141493
35.2555745443
27.1399332682
30.4854193793
26.9107632107
28.1100582547
30.2715318468
26.2181290151
28.0256958008
31.3190917969
36.3395894368
31.3128356934
29.6427001953
nan
24.7597079807
23.7534739176
23.1388939752
26.9347195095
25.7940928141
29.3874952528
24.3322991265
29.1659613715
23.8854200575
28.3472222222
26.0465274387
25.954864502
25.9350772434
27.2444373237
26.417356703
26.3058980306
27.479514228
30.7494861988
32.6524386936
23.6333296034
27.5184139676
25.7781253391
36.0569424099
28.5715332031
27.5184139676
28.6524285211
nan
29.9847140842
28.8444519043
31.5718722873
30.6638997396
34.5152621799
27.6569315592
24.5055575901
30.5527784559
nan
nan
45.0871785482
41.6718817817
37.2739427355
44.8774380154
38.886045024
32.1579793294
30.5357666016
28.6586846246
33.2100626628
33.6565890842
37.7527669271
29.569797092
nan
29.4138793945
23.6013827854
nan
34.1906195747
38.9545016819
35.7375115289
35.6107686361
30.4763861762
27.7267354329
28.7840304905
26.3840298123
26.9302164714
31.8753560384
33.8080152983
31.1275349793
38.7680630154
36.2479146322
46.2816128201
30.1066012912
42.9461873372
26.1517367893
53.8656277127
53.8805711534
29.0423617893
29.8951246474
33.7159762912
30.356241862
31.5329996745
36.1330023872
27.8486056858
33.1232774523
26.0247475229
30.4805535211
25.4038204617
26.1972384983
27.1934068468
33.5083143446
26.9270884196
28.0121510824
30.609375
29.6204901801
26.6524149577
26.1569349501
36.9819437663
33.4871520996
46.194068061
41.8187527127
29.374657525
33.890967475
28.6368069119
31.7557572953
nan
25.7003445095
22.2812415229
24.0579918755
26.5184105767
24.0600738525
26.5198008219
24.0572967529
26.52361891
24.0572967529
26.5194532606
24.4680684408
22.7447916667
24.4680701362
22.7423604329
30.2277662489
24.8010474311
30.2277662489
24.8145904541
4.21114974072
0.517361111111
11.9236111111
0.996527777778
7.75
4.4291665819
nan
nan
44.5593770345
42.9711947971
26.1159684923
24.8604159885
37.2715148926
31.7139010959
37.7399359809
46.5444573296
44.7895711263
45.0642428928
33.7736036513
34.1101167792
35.0347256131
39.4892408583
35.6350606283
38.9013943142
31.2684088813
31.2684088813
43.7340223524
28.9295145671
42.2242974175
44.5430535211
nan
54.8923712836
53.5083652072
69.4555528429
70.3631795247
25.2645789252
27.5496520996
35.5291781955
29.0729200575
67.6222195095
68.0701497396
67.5704481337
67.082953559
59.4392361111
67.4503173828
59.7520751953
67.6944308811
60.5517510308
63.4774237739
60.5822686089
61.5968600283
46.508327908
49.3225674099
44.7788187663
48.190955268
49.9336683485
50.7204793294
47.9875013563
51.1857435438
54.8413221571
54.1774190267
25.5381978353
36.7777676053
25.3565945095
36.4850633409
54.3517320421
17.0552096897
0.0833333333333
4.94062508477
47.8024325901
nan
41.7763807509
46.9996676975
39.2344872877
36.669793023
34.2357415093
36.8309054905
24.9284735786
31.0864495171
32.3270840115
32.9829779731
25.722217136
26.9131910536
26.7878519694
28.7961764865
35.7000020345
35.5722147624
37.1121520996
30.5892503526
34.7524380154
27.8413170709
31.8350626628
28.0788235135
26.8972218831
28.5802103678
27.6430562337
34.5347188314
27.0267333984
29.2232666016
30.9083353678
32.5881458243
30.0600823296
30.4211866591
30.606950548
31.769809299
30.9111090766
31.3236219618
25.9319542779
28.0364583333
24.6332239538
25.9458329942
33.8885260688
29.7701348199
27.6107635498
34.4833272298
31.7691006131
33.0194532606
21.7750142415
21.6413099501
25.5555504693
27.409362793
34.5996466743
30.1656155056
nan
36.1152920193
30.6909756131
44.9125128852
31.1183980306
0.486111111111
0.0729166666667
0.704861111111
1.39583333333
0.788194444444
0.121527777778
41.5614827474
30.9649285211
54.7753634983
47.7232733832
43.1941053602
53.5822957357
36.6551852756
29.6555548774
0.409722222222
0.0
32.7204928928
30.6277635362
48.5135362413
37.3558959961
0.0
0.0
40.9572855632
33.2729153103
38.0062628852
33.1766489275
48.8548516168
44.6881883409
43.7062344021
43.1642591688
0.0
0.0
33.4770116507
36.0701429579
36.180911594
36.1104125977
43.9312371148
32.4934014214
37.3902507078
39.6402723524
37.3326348199
34.113881429
0.0
0.0
0.452961672474
0.100694444444
2.45833333333
0.0902777777778
43.4701334635
47.671166314
0.274305555556
1.22569444444
0.204861111111
0.146341463415
42.4933844672
44.5520833333
0.0
0.0
0.0
0.0
42.0559048123
46.7989603678
0.152777777778
0.104166666667
45.9628601074
50.4527655707
0.0
0.0
45.828233885
50.6010335286
0.190972222222
0.0
43.8475714789
51.6086866591
0.138888888889
0.15625
45.1468743218
49.7524346246
0.0
0.0
40.1166890462
34.5562371148
28.0555623372
0.0
34.9534776476
