28.4763827854
24.3298695882
29.5270894368
28.0440894233
26.2812432183
27.387137519
24.4461771647
26.1465233697
17.276389228
21.0038231744
22.2031267013
24.2104102241
31.9968804253
17.5538143582
17.8374972873
31.0808987088
23.4496544732
41.8487825294
22.5989515516
32.438208686
nan
28.9940897624
32.0986090766
31.1392381456
32.5666605632
31.0621676975
29.5802171495
27.3989681668
26.3288269043
28.4138997396
36.2968817817
29.7982652452
31.5472208659
30.7232632107
29.1486206055
35.0048828125
31.6607666016
30.6006978353
30.6079847548
25.2715284559
31.5479125977
36.485083686
45.9083285862
44.9892103407
40.961795383
34.2003445095
35.7434048123
39.3503248427
24.7559051514
36.9131978353
32.5118170844
35.0298631456
37.3031460965
32.2840338813
38.0138888889
30.3885362413
29.5246480306
32.3472290039
25.580206977
28.1031273736
32.1947850882
32.4131978353
33.0288119846
27.2802005344
26.5350782606
26.3118065728
27.24424951
24.1972198486
26.6743011475
34.8513726128
31.2836778429
nan
nan
28.3788130018
29.1614583333
32.4122012467
37.742702908
34.5715196398
30.6663275825
34.0572882758
30.5135328505
33.4038187663
30.4278670786
39.1982693142
43.2093844944
41.5944519043
39.1739501953
43.0287984212
38.4121670193
44.4642503526
46.6117960612
45.0819261339
41.5968797472
34.926138529
35.513200548
48.3784620497
28.3618130154
38.392706977
39.1927218967
31.1531338162
36.5319383409
20.5913221571
22.8208397759
33.3076375326
26.4979146322
33.3065931532
27.7138875326
34.0554054606
31.7732543945
38.7975735135
37.2441134983
31.7437608507
28.5038113064
30.7524346246
27.7017381456
30.720123291
30.1722242567
34.3708258735
27.9600762261
32.2586771647
37.0635375977
32.7617899577
35.2333204481
35.3007032606
31.187842475
28.3843858507
34.6357727051
29.6367967394
37.9899291992
37.6066080729
31.3906283908
34.7861294217
29.8500027127
35.2888685486
39.6639166938
37.1625027127
30.803120931
36.8503485786
32.7066006131
43.7572903103
36.6586710612
38.6524251302
36.2118021647
35.0683831109
34.9267272949
38.0843743218
36.7760416667
36.1195149172
40.0444607205
50.5927056207
37.9298841688
46.6708340115
39.0128479004
43.6656155056
35.7176852756
47.8819512261
41.9979248047
36.3434007433
35.251739502
37.6784667969
43.882297092
47.6725769043
44.7065938314
45.2149285211
39.8979051378
49.052090115
53.9989590115
48.1541646322
56.9333089193
50.3357510037
57.9079996745
49.7277662489
61.5287950304
67.0647865854
51.3361070421
50.1256679959
43.4777560764
29.7625054253
32.2850579156
34.693745931
29.7232530382
35.9926995171
27.0770823161
29.9027709961
26.8073018392
27.359375
31.5451321072
26.5021011406
27.5003492567
31.6142171224
36.2687513563
31.338534885
30.1822814941
nan
24.1225619846
23.7225748698
22.6128438314
26.894080268
25.9159732395
27.975338406
24.8149312337
27.5982547336
24.1242980957
28.4447937012
26.8229115804
26.5704973009
26.3742980957
26.9722391764
26.3555467394
26.3083190918
26.988538954
32.4334440331
33.5711839464
25.2673577203
25.5388827854
25.2305569119
34.7798800998
28.7340257433
25.5378417969
26.5829755995
nan
31.1697998047
30.7885301378
32.3076409234
30.7833387587
35.5058932834
26.7496609158
25.734375
29.8913201226
nan
nan
44.3423631456
42.1926981608
37.4857652452
44.8760342068
38.4463503103
32.1382039388
30.4663221571
28.6624925401
32.5805426704
32.0111016168
40.3083292643
29.7260437012
nan
28.3090260824
23.3215179443
nan
34.962161594
39.0260281033
35.2308993869
35.9694451226
31.2246432834
28.6611158583
28.919793023
26.480211046
27.3385416667
32.6840243869
33.862012059
31.3721213524
39.9684210883
36.3305528429
48.9680718316
31.0659688314
46.4145643446
27.3604227702
57.0020548503
57.9225531684
30.4368218316
28.9805535211
30.7291700575
28.8566046821
30.8267313639
36.4756910536
27.9378306071
29.8812628852
25.3013869229
29.548956977
24.7333306207
25.3131849501
25.8427140978
31.3076443142
25.7170071072
26.8802185059
29.4885457357
28.7979125977
26.2888980442
25.4003482395
37.7381964789
33.8465067546
49.3072882758
41.7965359158
29.8322855632
33.638885498
28.4934082031
31.7438956337
nan
25.2760297987
22.2045118544
23.4895714654
25.2107679579
23.4982537164
25.2107679579
23.492348565
25.2107679579
23.492348565
25.2107679579
24.0777655707
22.5430484348
24.0777655707
22.5381876628
31.4274427626
25.2090233697
31.4274393717
25.2086758084
6.8520834181
1.20138888889
13.5177086724
1.88680564033
6.43888897366
4.78472222222
nan
nan
49.8823072645
42.0447964138
25.7079806858
25.2090386285
37.5746595595
31.7270880805
37.2395799425
48.2010328505
49.7548489041
45.5621303982
35.5243089464
33.8797807328
32.889251709
38.2513936361
35.3197937012
38.643758138
31.7361178928
31.7361178928
45.2631869846
29.0055677626
43.5069410536
45.1513909234
nan
54.5871276855
53.0787963867
69.3086886936
70.0097249349
26.9041612413
28.6468743218
37.4222276476
31.6163160536
68.1350640191
67.1677178277
69.1722208659
67.6673651801
59.23956977
67.606262207
58.6767374674
67.577460395
61.7861124674
64.6000230577
61.702094184
62.7954663001
47.6180386013
50.3610941569
45.9121602376
47.9531283908
48.9423421224
51.6645812988
48.3923611111
51.3878445095
54.3458387587
52.07325236
23.3250003391
36.993754069
25.287850274
34.8100687663
56.091668023
19.1788228353
0.0972222222222
7.77812449137
47.9347262912
nan
42.2066107856
47.1881951226
40.2390366398
38.0340101454
34.1815965441
36.3600565592
25.289932251
31.2565985786
32.1513909234
33.2166714138
26.0250057644
26.6909806993
26.6569451226
29.4673665365
36.908352322
37.1145833333
37.2135314941
30.924299452
35.1579827203
28.2552032471
31.8934122721
27.4767388238
26.0763956706
28.3708445231
27.8052012126
34.7135450575
26.8281283908
29.3413187663
32.248948839
33.735525098
31.1597222222
31.7086758084
32.5225558811
33.5402798123
31.0857679579
31.8163350423
25.6479254829
29.0076395671
24.9456391551
26.0875023736
32.3857625326
30.52605523
27.8263821072
34.6663208008
30.0708245171
32.9902818468
22.3378431532
22.3288167318
25.6798655192
27.7218644884
33.8617960612
30.5347120497
nan
32.296532525
31.1500074599
41.4545118544
31.4128485786
0.875
0.0
1.2173611323
0.555555555556
1.10416666667
0.107638888889
38.4583367242
31.3097161187
53.2760416667
50.3871731228
46.4909735786
51.9857516819
35.5520935059
32.5874938965
0.402777777778
0.0
32.1892428928
30.2767401801
47.2853868273
37.7115091463
0.246527777778
0.0
40.1350708008
33.3569573296
37.4756808811
33.6320400969
48.3298780653
45.6065945095
42.4593641493
44.014573839
0.0
0.0
34.2340257433
37.3944464789
35.9451361762
37.6041531033
44.1201307509
33.3916693793
37.5107898247
40.4357503255
37.4538269043
35.2510274251
0.0
0.0
0.0
0.0
1.72916666667
0.0
46.4579772949
47.6409776476
0.545138888889
0.336805555556
0.0659722222222
0.0975609756098
45.1236165365
44.356241862
0.0
0.0
0.0
0.0
41.8687608507
45.8767259386
0.590277777778
0.173611111111
45.6937594944
49.6038275825
0.0
0.0
44.8188221363
49.2461547852
0.0
0.0
43.1097276476
49.6246676975
0.0
0.0
44.8093600803
48.5993008084
0.0
0.0871080139373
39.8222249349
33.5041707357
27.8451334635
0.0
35.6277669271
