27.3211890327
24.4274207221
28.5350545247
28.8177117242
27.1191050212
27.0756835938
24.9562462701
25.6128438314
25.444454617
25.4687516954
26.7322879367
29.7381964789
31.8392266168
17.1152750651
18.203467475
36.2992960612
25.1322953966
53.7947998047
22.8187510173
35.5378451877
nan
30.052090115
33.372209337
32.0079888238
33.9156222873
31.7003512912
30.9392428928
28.8020867242
27.4291822645
30.6482713487
37.7367926704
30.7513868544
32.7725626628
30.7180514865
29.3493279351
36.7222120497
31.9732666016
31.3510437012
30.9996541341
26.1701338026
32.3513929579
38.5257093641
45.1829766168
46.4649251302
41.4722018772
35.0048590766
35.8704901801
40.3319295247
25.1319461399
37.6392313639
32.0149366591
35.6308932834
36.9298536513
33.8965318468
38.2722269694
29.896870931
30.1600714789
31.6777852376
25.5121612549
28.5847201877
32.4951477051
32.2073025174
32.4218817817
26.7263912625
27.6121520996
26.7239549425
26.5868140327
25.2437523736
26.6850585938
34.1406385634
31.252081977
nan
nan
27.3336825901
29.1673583984
31.8256971571
37.6614685059
34.6885274251
30.5281405979
35.0402798123
30.8996548123
33.5517306858
32.2034810384
41.4309048123
43.7791544596
41.7954847548
41.2510409885
42.295135498
38.957288954
42.5277709961
46.3840230306
46.0007019043
42.891998291
34.9624972873
34.5684034559
47.1503295898
28.7666625977
38.722934299
39.3319193522
30.792711046
35.8840298123
20.420135498
22.2204979791
33.0503336589
27.6604224311
33.0496385362
28.6986151801
32.7381896973
31.9642300076
37.8829956055
36.5617980957
30.6975843641
28.7760416667
30.1732686361
28.2520785862
31.2225680881
30.6072998047
34.6104159885
29.0999993218
32.9229159885
37.6201307509
33.341325548
35.1954718696
34.6065945095
31.4437561035
28.6562635634
35.0826416016
30.0194464789
37.7357550727
37.0770840115
31.6864556207
34.0208435059
30.0281236437
36.8291592068
40.0638834635
37.1892462836
31.9423556858
36.3396030002
34.0485975477
43.5729200575
36.7569410536
37.9235975477
36.5406256782
34.5770806207
34.9447903103
37.9128485786
36.3652750651
35.6861097548
40.6118197971
50.9749857585
38.9177008735
46.4857754178
40.1934204102
43.4024285211
36.3228997125
47.7937588162
42.5028008355
35.0107591417
35.8333163791
37.7003411187
44.2298617893
47.7176954481
44.9847106934
45.8826395671
41.2465345595
49.8413289388
55.9159952799
47.1340162489
57.425008138
49.6545071072
58.5607503255
51.0118170844
62.5576307509
69.6951361762
52.0062323676
52.2767232259
44.7263963487
30.1972215441
33.4176974826
35.9031236437
30.5014038086
35.2347073025
27.7288157145
29.6392381456
26.3447960748
27.0878414578
30.6642286513
26.2361161974
27.3659684923
31.4249844021
37.8767428928
31.8770989312
29.5343797472
nan
24.5468665229
23.1253475613
22.3847198486
28.1479136149
26.0729064941
29.584370931
25.1434071859
28.9375033908
24.7718777127
28.8784722222
27.657989502
26.5593736437
27.2743140327
27.5246480306
27.3826412625
26.5951521132
25.6972198486
31.2847154405
33.8433973524
24.3583289252
28.5031229655
25.0409749349
35.0972290039
28.3211839464
28.5024278429
25.9430575901
nan
30.2458428277
29.4243096246
32.7649400499
30.855211046
36.1357693142
25.7993079291
25.4670088026
31.2433912489
nan
nan
44.6826239692
40.4527859158
37.92706977
42.9680684408
37.8128492567
33.3614603678
31.3590087891
29.1638861762
32.7954745822
34.4663221571
39.3058980306
31.1937425401
nan
28.7750006782
24.3000030518
nan
35.7982652452
39.8076510959
35.4465196398
36.7479214138
30.5826449924
27.3631981744
29.0569525825
27.0034722222
27.7565850152
32.5371534559
34.7305535211
31.7986009386
38.7236260308
34.7805650499
49.3791707357
30.4520840115
45.4475538466
26.5503556993
57.4635484484
59.109375
29.1684027778
30.448961046
31.6746487088
30.5211724175
30.3336893717
35.321879069
28.4329901801
31.22918023
26.430899726
29.8600769043
25.4531216092
25.3281148275
26.6732669406
31.6423543294
27.2899339464
28.275004069
31.2038167318
29.0152859158
26.4808841281
26.1979268392
37.7684088813
33.2753431532
47.5930447049
41.9649183485
29.1670057509
34.3500128852
27.994430542
32.5201449924
nan
25.3513861762
22.6850891113
24.079864502
24.5194363064
24.0802137587
24.5194363064
24.079864502
24.5197855632
24.0836842855
24.5194363064
24.6079762777
22.5826348199
24.6051991781
22.5711771647
31.0267232259
24.1843905979
31.0263739692
24.18230523
5.7194442749
0.996527777778
15.3253479004
1.92569435967
8.64583333333
5.51909722222
nan
nan
48.4218580458
42.0805392795
26.9736056858
25.0430501302
37.1315816243
31.1322835286
37.0725504557
47.7628445095
48.564924452
46.1118197971
35.2625054253
34.4364725749
33.451043023
37.0215284559
35.6944444444
39.0583292643
32.1187371148
32.1187371148
43.6083577474
29.487508138
43.7302178277
43.6670193142
nan
55.2576226128
52.1371561686
70.7465074327
69.0708414714
31.1215176053
37.3177083333
44.9097086589
44.7579752604
68.538913303
67.1131930881
70.121866862
69.044772678
59.8475545247
67.9107801649
60.6305541992
67.7468600803
61.8295016819
65.0985717773
61.9986165365
63.6024441189
46.8739556207
49.4360995822
44.0451422797
46.6673516168
47.8562723796
49.2208285862
48.5094163683
49.4611206055
54.6638793945
50.6402723524
53.4361097548
36.8583136664
25.6052178277
51.7517428928
64.7024332682
25.682284885
0.0798611111111
17.6298641629
48.1177130805
nan
42.747575548
48.0590481228
40.1270887587
38.0364312066
33.5451524523
36.0333353678
25.4559139676
32.2968648275
32.7215474447
34.5913085938
25.9704861111
27.0215284559
26.5499810113
30.1475626628
36.2566290961
36.428829617
37.9059143066
30.9420098199
35.5093824599
28.1315985786
31.5885450575
28.0847303602
26.9052056207
28.7305433485
26.9301995171
33.9576382107
26.910059611
29.696536594
31.2375047472
33.9631924099
30.1243184408
30.6038343641
32.9173753526
34.4253472222
31.2975938585
31.0836656359
25.5562489827
28.8298577203
25.0986192491
26.72674391
31.7392374674
29.5152791341
26.9496443007
33.9937506782
29.8086819119
33.4486016168
22.4242977566
22.488893297
27.32325236
28.1031188965
33.2055630154
29.9225667318
nan
37.5625135634
29.6319512261
43.2937655979
29.8250054253
9.1875
0.743055555556
5.83680555556
6.10416666667
0.295138888889
0.0
43.818766276
29.6843770345
53.6066080729
50.9298604329
45.3520812988
52.5951504178
35.3656243218
31.5812649197
0.295138888889
0.0
32.4885457357
33.1676940918
47.4138861762
39.1454806858
0.0
0.0763888888889
38.7892320421
35.4611104329
37.3059014214
35.9937574599
48.4097222222
46.9558919271
42.9711778429
47.8066101074
0.0
0.0
32.0357699924
39.3836975098
35.1489562988
39.3510538737
41.9100680881
34.7274339464
35.6013861762
41.7031385634
35.881588406
37.7781405979
0.0
0.0
0.159722222222
0.100694444444
50.3100721571
0.0
46.8006863064
45.2993028429
0.388888888889
2.61805555556
0.104166666667
0.0
44.7854207357
43.6986423069
0.0
0.0
0.0
0.0
40.8527662489
44.3649427626
0.826388888889
0.111111111111
44.8118048774
47.3836771647
0.0
0.0
44.4225769043
47.7263827854
2.91666666667
0.0
43.1649271647
48.1552090115
7.65625
0.0
44.3260396322
47.4537929959
0.0
0.729166666667
39.7847256131
32.2822875977
35.8812493218
0.0
40.2982584635
