26.9670054118
24.814239502
28.2673543294
28.6833394368
27.2694430881
27.8430650499
25.2531212701
26.1930592855
24.2600708008
26.6930575901
28.079864502
30.6270887587
32.620493571
17.9937455919
24.1024288601
29.2319471571
35.1236199273
39.3576253255
22.8635338677
38.1590237088
nan
30.3982679579
33.1468675401
32.6083340115
34.0902845595
31.8475714789
30.8854268392
28.9770745171
27.2027740479
29.493045383
37.6090155707
31.1770867242
32.0447862413
30.8986172146
29.6816033257
37.1551886664
32.2708333333
31.6058926053
31.055202908
26.1572977702
32.8527560764
38.3222317166
44.9187452528
46.1937561035
42.113538954
34.810760498
36.5447794596
39.700700548
24.6683926053
37.5798543294
32.7868075901
35.771870931
37.2680664063
33.3965216743
37.919793023
29.964586046
29.6503329807
32.0024515788
25.3489566379
29.1934068468
32.2732713487
33.0722283257
33.5760667589
27.0309024387
27.4006941054
26.6392330594
27.7958289252
24.7548573812
27.1239539252
33.5135464138
31.4281243218
nan
nan
27.1666734484
28.5645853678
31.6986050076
37.4520772298
34.7173529731
30.5295071072
34.6996561686
30.760409885
33.979159885
31.8836771647
42.3052096897
43.6923556858
42.096174452
42.221174452
42.6420152452
39.9732699924
42.1000128852
46.8524271647
45.3794996474
42.1687520345
35.3999905056
34.9878472222
48.5461900499
29.0868123372
39.0697903103
40.6128472222
31.896162245
36.5059204102
20.2954932319
23.377778795
32.9809027778
27.2475585938
32.9809027778
28.4562513563
33.3388807509
32.7381964789
37.9725782606
38.5517374674
31.1326497396
29.8760443793
30.2788289388
28.6604207357
30.0590311686
29.8315938314
35.6718716092
28.8288201226
32.0979105632
38.8204854329
32.3295016819
36.2885403103
34.670135498
30.1739501953
29.370836046
35.9072774251
30.6697896322
38.4493170844
37.4885321723
32.7638888889
34.2579752604
31.0538194444
37.9427218967
41.3791673448
38.4823031955
31.0885382758
36.5756903754
34.3760409885
42.6625094944
37.2243177626
38.5100775825
37.2375047472
34.8451368544
35.7406277127
38.0795254178
36.7899339464
36.4354214138
40.6923556858
50.4934082031
38.191663954
45.9083557129
40.6114637587
42.4215393066
36.4777899848
46.8291727702
42.4381883409
34.6548597548
36.0711873372
37.485083686
43.4103936089
46.5701327854
44.7308926053
45.4357571072
40.2868143717
49.6114671495
53.8458489312
45.8691033257
57.8361002604
49.3114522298
59.0788370768
51.8083258735
61.3357679579
68.6621771918
52.7840304905
51.8635253906
45.4166734484
29.3840332031
33.2982720269
35.0249871148
30.1010403103
34.9170227051
27.6124894884
29.568745931
26.6385413276
27.7232632107
31.7670186361
26.2117970785
28.515625
32.2992926704
37.2795206706
32.5034688314
30.3777838813
nan
24.4354112413
23.7392340766
22.8499942356
26.9579925537
24.8763902452
29.0965203179
23.730907864
28.624657525
24.8534732395
29.2347310384
28.0298614502
26.9746602376
26.9715186225
27.9222259521
26.8267381456
26.0545145671
26.7361246745
33.1323004829
33.8861016168
24.4666731093
27.095135159
24.9680599637
35.1142340766
28.7934061686
27.095135159
25.8670043945
nan
30.9729207357
29.8805541992
33.1597154405
29.8864576552
35.3812493218
27.296520657
24.4343855116
31.1211853027
nan
nan
44.1455044217
39.3382093641
37.0684136285
42.1479187012
38.2350701226
33.587504069
30.6965196398
29.2441033257
31.8656243218
34.2864481608
40.4586893717
31.6756964789
nan
29.9003465441
23.7281188965
nan
35.6145833333
40.4441087511
36.0336947971
36.6111212836
31.1562466092
28.09375
29.2427130805
26.5670115153
28.9576416016
32.7541707357
36.1687520345
32.9763997396
40.735405816
37.1277804905
48.0753411187
30.174299452
42.7611050076
26.2395867242
56.0934041341
57.0954793294
28.5954759386
30.5322875977
32.5982632107
30.7711859809
30.2548590766
35.3170098199
28.2541741265
31.7718811035
27.261815389
29.710079617
27.0020853678
25.7739562988
27.4506937663
31.2715318468
26.8114573161
27.7263895671
30.5434129503
28.6343756782
26.1666564941
26.1750047472
37.7361077203
32.9607645671
48.5333421495
41.8965454102
30.3062472873
35.5531344944
28.5121527778
33.2076416016
nan
24.7420179579
22.2308909098
24.3423614502
26.3340267605
24.3482632107
26.3340267605
24.3454861111
26.3357645671
24.3444451226
26.3340284559
24.7788119846
23.2934010824
24.7781185574
23.2923600939
30.4617919922
24.3830006917
30.4604051378
24.3823038737
6.59861119588
0.677083333333
17.0086788601
1.8125
9.34548611111
5.0541665819
nan
nan
49.2027859158
42.1482476128
27.3003489176
25.394788954
37.2781270345
31.516676161
36.9878370497
47.6149190267
49.3399285211
46.0861104329
35.5746595595
33.905198839
32.4131978353
37.6784803602
36.0579901801
39.1399197049
32.1777716743
32.1760355632
43.9104037815
28.8774176704
43.6170111762
44.8711853027
nan
55.6038343641
51.692006429
69.5402289497
67.9805636936
26.959713406
34.9145846897
35.3118048774
29.9173651801
69.3402913411
67.3083292643
70.0062798394
67.7590128581
59.8350762261
68.5788235135
59.3545193142
68.4305826823
60.0239664714
64.9458414714
59.8823377821
63.3996717665
46.5371500651
50.3614671495
43.6305609809
47.7635599772
49.2607625326
50.5027669271
48.3461914063
50.4187723796
53.7742987739
53.3837076823
53.669450548
37.2736239963
29.6847229004
62.4576483832
55.6243150499
20.7499983046
0.0416666666667
5.91041692098
47.5368177626
nan
42.765282525
47.0131937663
39.7100694444
37.8888787164
34.4239603678
36.0201416016
26.1031121148
32.2138807509
32.8156263563
34.7826402452
26.3343777127
27.6993069119
26.6385294596
30.4760437012
35.9652709961
36.3211839464
38.4399346246
30.8468661838
35.9920179579
28.3510369195
31.5517442491
27.7427130805
27.4798634847
28.7218763563
24.4902767605
32.3503282335
27.1173587375
29.9902784559
31.3684082031
33.9538235135
30.679172092
30.9697875977
32.8913201226
34.2263827854
30.90657213
31.8007032606
25.5697987874
28.4954833984
25.2354125977
26.6986134847
26.1486087375
25.4670172797
24.3350660536
32.3499789768
27.1645846897
30.1722242567
22.189924452
21.823264228
27.130569458
28.3736114502
31.2322862413
26.3326483832
nan
41.4055548774
29.5510321723
49.0697937012
30.3274095323
1.40972222222
0.0
1.02083333333
0.381944444444
0.15625
0.0
49.852077908
29.7722066243
53.9906107585
52.2926873101
44.1239657932
53.5010681152
35.4225599501
33.3798590766
1.90972222222
4.15625
33.0319519043
31.935418023
48.5159810384
39.3006930881
0.0
4.25347222222
40.6340196398
35.8156060113
37.9687432183
36.486114502
48.9871453179
47.3041788737
43.2864583333
47.4819471571
0.0
0.666666666667
34.0034722222
41.8138699002
36.8194444444
41.4492865668
44.1836920844
37.2183905707
37.2461717394
44.7406107585
37.7267354329
38.4576382107
0.0
0.0
0.0
0.208333333333
2.71527777778
6.33402760824
46.3427124023
47.368754069
0.527777777778
0.739583333333
0.0451388888889
0.0
45.173956977
43.871158176
0.0
0.177083333333
0.0
0.0
37.6052076552
45.174987793
15.96875
0.618055555556
44.4871554905
48.0135531955
0.0
0.0
44.5583462185
48.7201470269
0.0
0.0
43.631954617
48.5170152452
0.0
0.354166666667
41.8670145671
48.4961683485
0.0
0.802083333333
40.0326571994
31.569797092
36.3593783908
0.0
41.2510409885
