27.1829833984
24.8552008735
28.3465067546
29.0485975477
27.1013827854
27.9968770345
25.6319478353
26.4378509521
17.5798594157
20.9715270996
22.3508768647
24.5003458659
32.084713406
17.8180558946
17.488538954
29.1121588813
22.3899315728
39.2211846246
20.9010416667
31.6909722222
nan
29.8920152452
33.0236104329
31.7209072844
33.3340284559
31.1788024902
29.7722269694
28.6482611762
26.6916792128
30.1854214138
38.053120931
30.3579813639
32.2027757433
30.5183987088
28.8965250651
34.3628506131
31.808315701
31.4486151801
30.8416578505
25.4906192356
31.8326483832
37.3208177355
45.9611206055
44.2784830729
41.4937289035
33.7670220269
35.7972378201
38.9742974175
24.5638902452
37.5795186361
32.5638766819
34.8277791341
36.7565850152
32.4559020996
37.0701497396
30.2229173448
29.4996473524
30.1677212185
25.7256944444
26.9194471571
30.0606285388
31.9958394368
30.6416727702
26.2267320421
25.4847208659
26.5687527127
27.58575609
24.0725657145
26.4218783908
34.1317134419
31.2409566243
nan
nan
27.5572899712
28.4413079156
31.4763997396
37.2975497776
36.060075548
31.4086981879
34.0906100803
30.7579854329
32.9340311686
30.2711893717
37.8902893066
41.4243130154
40.1711764865
37.8658570612
41.9125094944
36.689259847
41.2652791341
45.3014153375
43.0180528429
40.3826327854
34.2819417318
34.3770751953
48.4277852376
28.8124932183
37.8416612413
38.2208251953
31.728129069
36.0402832031
20.5302090115
22.8315989176
32.5430501302
26.7159661187
32.5433959961
27.7104102241
33.5239630805
31.9378289117
37.8117947049
35.4357706706
30.9618021647
28.7267320421
30.6701490614
28.0319434272
29.6572909885
29.5413174099
34.4874578071
28.1902391387
31.6104193793
36.9253540039
32.2500033908
35.0409647624
34.9347025553
30.2906155056
28.4951341417
34.4461737739
30.0933825131
37.7183837891
37.3503519694
31.7416653103
34.3972066243
30.0781283908
36.392364502
40.7718878852
36.3281419542
30.7242974175
36.3722127279
34.2354125977
40.8614603678
36.9853549652
38.1631876628
36.8225775825
35.006588406
35.1260409885
38.7372774662
36.5159912109
36.2246466743
41.0183953179
51.0947909885
37.3013678657
46.5416632758
38.1482510037
43.2857733832
34.5815768772
46.6215311686
40.2548760308
35.9340243869
34.5895511215
36.4725545247
43.7020704481
46.2986178928
43.8788146973
44.0736151801
39.872575548
48.0616833624
53.0732693142
47.7256944444
56.3249986437
50.8364664714
57.8871663411
52.2444118924
61.2017347548
68.284362793
53.4236314562
50.7045268946
45.0798509386
29.4493035211
32.4729173448
34.875708686
29.282989502
34.616741752
27.2423587375
29.3819376628
26.3131934272
28.0458374023
30.1173468696
26.4972279867
28.0166676839
31.4187452528
36.2048611111
31.6618008084
30.3774278429
nan
24.8496585422
23.2395816379
23.1815999349
26.3079850939
25.844446818
28.6777750651
24.4069417318
28.7263895671
24.4965294732
28.7517327203
26.7822282638
26.2902815077
26.6097259521
27.1365911504
27.4423709446
27.2961883545
26.9482676188
31.3645799425
33.4347330729
24.4256930881
27.2295074463
24.8787463251
36.4482760959
28.5632052951
27.2295074463
26.1447838677
nan
30.0656229655
29.5517272949
32.3822869195
30.8930596246
34.9482760959
26.6423661974
25.0069393582
31.8548617893
nan
nan
44.4784613715
42.0170186361
36.9285714286
43.849995931
37.066663954
32.6558973524
30.540629069
28.2513749864
32.1381937663
34.2722201877
37.6059095595
31.5170118544
nan
29.3690999349
23.96875
nan
33.638885498
38.5812547472
35.2257012261
35.1524420844
30.0857231326
28.2209004791
28.5100708008
26.3503485786
27.375
31.2694566515
33.7260437012
30.923956977
39.2451307509
36.6183980306
43.995836046
29.9142354329
40.0260416667
26.5895809597
54.7736036513
56.557993571
28.9628465441
30.0153459821
31.9687567817
30.1149325901
29.9264119466
33.9972229004
25.8142293294
31.5600619846
27.0593787299
28.914577908
26.2069515652
25.1392415365
26.8795081245
29.8923475477
26.9843766954
27.4423641629
30.0600789388
27.6951226128
25.5659688314
25.7423723009
37.2114461263
33.565633138
47.6496412489
41.0558980306
28.444797092
31.3083530002
26.9902733697
30.1382107205
nan
25.7899407281
22.9250013563
23.4097256131
26.9159664578
23.4104207357
26.9145796034
23.4131961399
26.9149271647
23.4131978353
26.914577908
24.1597222222
21.7645874023
24.1593729655
21.7743123372
31.2430589464
24.8941006131
31.2427130805
24.8916676839
4.90902794732
0.180555555556
12.682639228
1.30662020906
7.32673560248
4.31805547078
nan
nan
47.7052103678
41.9475741916
26.6447923448
24.9965243869
36.8069559733
32.0961880154
36.9086710612
47.8021036784
47.8836941189
45.3395894368
35.6569485135
34.4704827203
34.6513875326
39.7194247776
34.5440945095
38.5319349501
31.6951429579
31.6951429579
43.9211764865
30.1902770996
43.364590115
43.0333251953
nan
54.0379838578
51.9833509657
66.6729193793
67.6381835938
25.1531253391
25.8687388102
34.5881958008
28.9899325901
68.9455023872
66.8000013563
69.0759472997
66.0937227787
60.4590250651
67.9715304905
61.4208170573
67.836452908
59.9614461263
65.953125
61.2225884332
64.2354193793
46.0364685059
50.6590372721
43.9712049696
48.5284695095
49.1569383409
51.0732625326
48.0854254829
51.0041537815
54.2302212185
54.3628573947
24.5565965441
37.6451449924
26.2017262777
40.1295132107
53.1041666667
16.662850274
0.0
5.24513880412
47.0041673448
nan
41.6975708008
47.890282525
39.4649115668
37.7913106283
33.9096984863
36.4649251302
25.4034678141
32.2062649197
32.7382032606
34.2766530107
26.2416653103
26.7680545383
25.7895762126
30.5798678928
35.3368055556
37.0694444444
37.3697882758
30.4999932183
35.3704901801
28.0972306993
31.144080268
28.2774285211
27.2222137451
28.774295383
24.1986117893
32.000336863
26.8916659885
29.57293023
31.663547092
34.8666483561
30.516676161
30.842376709
32.9190945095
34.1350470649
30.6256883409
31.5246649848
25.4993116591
27.8680521647
24.9461754693
26.5159725613
25.6999986437
25.0392371284
24.1954803467
32.0385301378
27.1763966878
29.1160169861
22.4093763563
22.0635342068
26.1177079942
27.5368109809
30.648630778
25.6482696533
nan
36.1710685703
32.7625054253
44.1183878581
33.0722283257
1.62083329095
0.0
0.586805555556
1.57638888889
0.664583312141
0.173611111111
41.2572801378
32.9434000651
54.0635579427
47.9336785211
42.1208326552
52.835422092
35.1569281684
29.0658550196
0.319444444444
0.159722222222
33.159383138
27.6937493218
48.2767333984
34.5816040039
0.0
0.118055555556
40.3065931532
30.2645874023
37.4673495822
30.1336737739
47.9978971581
42.0350613064
42.4187384711
40.9874911838
0.0
0.0
35.1295267741
36.5121324327
37.6433953179
36.6361117893
43.6628350152
32.3965216743
37.5843675401
39.3062438965
38.0020684136
34.3135375977
0.0
0.0
0.0
0.25
2.10763888889
0.0
42.0215250651
47.390282525
0.375
0.604166666667
0.0798611111111
0.4375
41.687157525
43.9076470269
0.0
0.0
0.0
0.0
36.7513800727
45.4413180881
0.295138888889
0.635416666667
40.6434054905
48.8493143717
0.0
0.0
41.0442413436
49.1725701226
0.295138888889
0.0
38.8829854329
49.020899118
0.0
0.0
40.1517232259
48.0777859158
0.0
0.0
35.1347079807
33.4673699273
27.6402757433
0.0
34.9961853027
