28.1194356283
25.9607577854
29.4402872721
29.7711758084
26.8718719482
27.4215308295
25.0513848199
26.0861087375
18.2812550863
22.6159718831
23.2888844808
26.2635413276
32.231950548
21.1680569119
19.1357659234
32.3760409885
25.3624979655
42.4385862116
24.1958363851
33.4350687663
nan
30.1364644368
32.9194437663
31.9517550998
33.0972120497
31.5347222222
30.9156256782
30.0284864638
28.8121541341
30.4586791992
38.7399291992
32.1756896973
32.8861151801
31.3826226128
30.8833414714
38.1294716283
33.2045220269
32.0375094944
32.27049764
25.3402794732
32.6944410536
39.5784539117
46.9909837511
47.163547092
43.1125983392
36.3767293294
37.1149156359
42.2159762912
26.0250091553
39.9395785862
33.8274230957
37.2343987359
35.4873595121
35.0489637587
33.3899434408
29.8722262912
32.7885233561
33.3749932183
27.3326263428
29.6076287164
32.0349582059
32.6138882107
33.030907525
26.3836788601
26.436126709
27.5426957872
29.1494757401
25.6329989963
28.6114637587
36.4632935424
32.2510375977
nan
nan
27.7819349501
30.614590115
33.0091214364
38.9392361111
36.3371582031
30.9885457357
35.4986165365
31.540629069
32.3624911838
32.6821032072
38.1058892144
38.0340338813
37.0902981228
37.8715243869
40.5176900228
38.5336710612
41.0725572374
44.0343763563
43.8520846897
40.6239624023
34.9119346217
34.0545043945
45.6767578125
29.8093702528
38.210401747
38.343407525
30.7753533257
35.4212002224
19.9652726915
22.461795383
33.4906175401
27.7972276476
33.4895765516
28.6145833333
33.7950794956
31.178120931
37.4802178277
35.0586819119
31.8871663411
28.3798692491
31.4524332682
28.4920077854
29.9888848199
29.8746507433
34.6440532124
29.3381159856
31.5576578776
37.1677212185
32.126739502
35.2986009386
34.9274393717
30.6409810384
29.9104071723
35.0138990614
30.8538434222
37.5149298774
36.9388970269
32.7100728353
34.4677225749
31.2756991916
36.1891207511
40.9506835938
36.9690958659
31.7052171495
37.5319315592
33.6989712185
42.7770928277
37.2066385763
38.5586954753
37.8434041341
35.2878553602
35.969458686
38.444745684
37.2760382758
36.5431469298
40.8354085286
50.9024420844
38.0996568468
45.0170321994
39.1875067817
42.6149359809
35.6347283257
47.3006693522
41.0604281955
36.9117974175
35.8027992515
38.013885498
43.8579779731
47.8368191189
44.7968783908
44.9857754178
40.1829800076
48.4024220111
52.5923529731
48.5993041992
55.9277716743
51.3242967394
58.5295206706
52.7822875977
61.392727322
69.4526247259
55.7975904677
50.2246534559
47.1395840115
31.0725572374
33.898952908
37.2500135634
31.1211785211
37.2534722222
28.0753445095
29.6833258735
28.289577908
28.0437384711
33.261118571
27.9701754386
30.4250047472
33.0687594944
37.6934068468
32.1562567817
32.1305508084
nan
25.0642225477
24.3427107069
23.2656300863
27.6319478353
23.3055487739
27.0767296685
22.6246405707
26.9781205919
23.8857608371
28.3354136149
27.3629346727
26.6934034559
26.0961778429
26.7185400049
25.3868052165
26.2447967529
25.595489502
32.1491262336
31.7558966743
23.7645670573
27.4433949788
25.1836802165
35.0020887587
26.4107615153
27.4433966743
25.3354136149
nan
30.317006429
28.2711927626
32.5142483181
29.5229119195
37.0909796821
28.5972222222
27.3875037299
34.5975613064
nan
nan
45.7159627279
40.9430643717
38.2723789882
43.4430541992
38.6575486568
33.2888929579
33.053829617
28.4229210748
33.9225667318
34.3336791992
39.8090243869
31.604868571
nan
31.7909783257
24.8038262261
nan
34.2503458659
38.7010599772
35.1732686361
35.2531263563
30.9274393717
28.680911594
30.1559041341
27.9711795383
28.5416666667
32.4024522569
34.4206894189
32.0519222862
39.2677001953
36.6722106934
41.7777777778
31.0458340115
38.3117879232
27.9416588677
58.3343777127
57.2197875977
28.574991862
30.2385491265
31.151034885
30.9066026476
28.4767523872
33.6468811035
26.2395884196
29.8732706706
26.9648985746
28.6336873372
26.2239549425
25.1822899712
26.4597286648
29.4604254829
27.9114549425
28.4142388238
30.0197991265
29.1493089464
27.459725274
26.9211849637
40.6576436361
35.589263916
46.5204806858
39.9496493869
30.5944451226
34.3625047472
29.7809041341
31.8017646656
nan
25.0666571723
23.5322926839
24.2378556993
26.0614590115
24.2392442491
26.0614590115
24.237508138
26.0621524387
24.2388949924
26.0621507433
25.2315860324
22.9673699273
25.2308909098
22.9666765001
31.6802164714
25.2604217529
31.6795213487
25.2649349637
3.42787473459
1.64236111111
11.5333336724
1.84375
7.12222205268
3.89999983046
nan
nan
45.1729193793
40.7729288737
27.5812445747
26.0645887587
38.0930447049
32.6989678277
42.4642198351
50.7257181803
45.3836975098
43.1072998047
36.6527709961
34.2961314419
32.9329766168
38.2559068468
34.3718736437
37.2361077203
32.1538119846
32.1538119846
44.6468573676
30.4802144368
47.5329793294
48.7395968967
nan
55.3753526476
56.6850585938
66.3600531684
70.6579793294
22.5593753391
27.3111063639
35.1875067817
29.5833265516
70.0333251953
69.620836046
69.9392361111
65.4232584635
59.6125013563
69.3757052951
60.8684014214
69.2292005751
63.6833089193
65.8236151801
63.8669976128
64.1280701754
47.2954813639
50.5246649848
44.5843641493
48.4333258735
50.9069417318
51.5038079156
49.560740153
50.8264024523
55.6347351074
52.2992960612
29.4670172797
36.8732944065
27.0385403103
40.3156263563
55.279510498
16.5156216092
0.121527777778
5.71284739176
47.8416646322
nan
42.8191053602
48.7072855632
40.3849095395
38.5746561686
35.3253479004
37.4218512641
26.1499938965
32.8472256131
32.3961825901
35.9457905376
26.9579942491
28.2902815077
27.5951402452
30.9274495443
36.3743048774
37.6676873101
38.4614461263
31.5486077203
36.0010443793
28.9392327203
31.6170111762
28.8058980306
28.8111131456
29.374657525
25.2291666667
33.3450953344
28.6183912489
30.4572821723
33.3402777778
35.691214364
32.4694519043
33.1093817817
33.4152730306
34.2114630805
32.2729119195
32.1895751953
26.8524305556
29.9593607585
26.0940361157
28.0190938314
29.1590304905
27.4121568468
25.2201402452
33.4468553331
29.7184007433
31.4083387587
23.5385403103
22.5243089464
28.3302120633
29.4645792643
33.6527981228
27.7874942356
nan
39.4888949924
32.670501709
47.3798556858
33.0031229655
0.541666666667
0.534722222222
0.488888899485
0.545138888889
0.496527777778
0.190972222222
45.7899373372
32.9375033908
54.873260498
52.8746337891
48.686469184
54.2086825901
37.9395887587
35.6270921495
0.159722222222
0.0
36.042690701
34.5017123752
50.5826280382
41.9247298291
0.121527777778
0.0
43.3538513184
37.7142333984
41.2447882758
38.86840392
51.4531453451
49.257297092
45.6836920844
48.9735989041
0.0
0.0
37.3899434408
41.3628607856
39.0402764214
40.997918023
46.3691033257
38.3555636936
40.3971833882
43.4864434136
40.3000115289
38.744784885
0.0
0.0
0.0
0.0
3.0
0.159722222222
48.6996561686
51.3881869846
0.0347222222222
0.243055555556
0.0
0.0
47.7236124674
47.1566128201
0.0
0.0
0.0
0.0
44.2138875326
48.1708102756
0.5
0.590277777778
47.2121514214
53.0944383409
0.0
0.0
45.6787923177
52.0416836209
0.0
0.0
45.2472161187
51.8211805556
0.0
0.159722222222
45.9993082682
51.4169854058
0.0
0.0
40.5489535862
35.0496554905
29.2378472222
0.0
35.064581977
