27.7638888889
20.3350694444
29.5815972222
24.8350694444
22.3767361111
25.4097222222
20.4097222222
24.2517361111
10.9131944444
11.8541666667
17.8090277778
13.2013888889
19.0798611111
8.06944444444
6.27083333333
0.0
0.0
0.0
0.0
0.0
nan
25.4496527778
34.2881944444
34.5843166775
37.850640191
32.4045138889
32.7395833333
32.296875
30.3697916667
31.59375
41.2569444444
31.6979166667
31.5694444444
31.1510416667
30.5190972222
37.5035087719
32.953125
22.6871439616
32.9659220378
14.8368055556
20.9565972222
41.3836805556
49.0902777778
48.5138888889
43.8888888889
36.2621527778
37.578125
42.2621527778
23.0729166667
41.0763888889
32.1006944444
39.6145833333
37.7473684211
24.6472049289
30.6996086968
22.0503472222
19.7326388889
35.1701388889
18.3246527778
20.6631944444
21.8954703833
34.5690409342
34.4864095052
25.8801778158
18.7058953179
27.125
22.1298245614
24.4131944444
31.1770833333
33.6909688314
35.1263461643
nan
nan
27.1440972222
20.8940972222
32.5403508772
40.4375
37.2096591526
31.8888888889
36.3409152561
30.8888888889
39.2569444444
30.5140350877
53.4131944444
57.3368055556
49.7135416667
53.0017361111
48.6493055556
45.6267361111
49.6996527778
53.1978522407
55.0729166667
49.0471598307
32.7456140351
40.1388888889
58.3611111111
21.5173611111
42.5451388889
47.7291666667
35.9861111111
38.6128472222
11.7013888889
2.4375
32.9548611111
18.3454861111
32.9548611111
19.7795138889
33.1052631579
36.3993055556
43.78125
42.3544989692
26.1076388889
26.8958333333
15.1840277778
22.3732638889
30.7256944444
27.1180555556
39.015625
19.515625
33.8576388889
43.0815972222
33.5138888889
40.1961805556
39.8246527778
30.859375
26.2673611111
39.3350694444
27.9791666667
44.6736111111
44.3767361111
30.6423611111
38.8145412869
28.2992723253
27.4824561404
48.5833333333
37.4791666667
13.9739583333
15.328125
14.421875
46.3958333333
26.1788194444
41.0451388889
37.7673611111
34.9791666667
34.6614583333
40.827738444
36.2780863444
34.9350877193
43.5434027778
58.6527777778
38.7934027778
49.4045138889
44.5538194444
44.6649305556
38.46875
51.9913194444
44.8055555556
30.140625
36.3784722222
35.9756944444
46.0173611111
49.0381944444
48.1197916667
45.3708258735
40.5333251953
47.2475687663
50.0357835558
46.7975599501
52.8180508084
49.3875054253
56.0375061035
51.1475660536
57.7479112413
60.2666666667
51.7222222222
12.3819444444
47.8559027778
31.8802083333
33.5555555556
37.8420138889
30.2413194444
38.4965277778
25.2395833333
30.9565972222
22.3229166667
16.9756944444
34.3767361111
23.0315789474
21.4392361111
30.2986111111
35.0729166667
38.3055555556
30.3923611111
nan
17.2222222222
14.7309027778
15.2986111111
18.1666666667
14.0625
24.7829861111
13.7552083333
24.7135416667
15.4722222222
18.2413194444
19.9668989547
16.6111111111
16.6024305556
17.0261324042
20.2274305556
20.2048611111
25.046875
30.7403508772
34.3975694444
17.2118055556
20.7430555556
1.38888888889
10.4097222222
26.7291666667
20.7430555556
1.38888888889
nan
26.7465277778
33.9305555556
30.015625
8.70486111111
36.5381944444
7.80902777778
28.8090277778
34.3715277778
nan
nan
42.1666666667
12.8611111111
37.9322916667
12.8611111111
16.5350877193
27.2048611111
23.3003472222
21.6631944444
14.3767361111
28.1805555556
46.515625
19.8090277778
nan
31.0486111111
13.9097222222
nan
16.6909722222
19.0486111111
13.9444444444
21.4097222222
13.9444444444
21.4097222222
13.9444444444
21.4097222222
13.9444444444
21.4097222222
11.9097222222
13.6979166667
11.9097222222
13.6979166667
24.8159722222
20.3298611111
24.8159722222
20.3298611111
0.0
0.0
0.0
0.0
0.0
0.0
nan
nan
66.6059027778
51.4583333333
21.859375
19.4982638889
40.2239583333
33.390625
33.1423611111
43.9722222222
65.5104166667
55.609375
14.8125
12.8877192982
29.1576063368
36.2086317274
6.64236111111
7.78819444444
0.0
0.0
43.0086805556
30.0729166667
30.1006944444
46.3923611111
nan
49.7353854709
44.8923611111
77.0295138889
74.078125
0.0
0.0
1.29166666667
0.0
70.1843736437
68.0625
69.9975585938
73.1597222222
60.903137207
68.8542073568
60.3506944444
68.2600640191
63.2795138889
68.7868109809
63.6302083333
66.6154399671
51.3298678928
53.6982693142
48.1243082682
52.1531304253
55.0076429579
55.2770996094
52.1871541341
54.478108724
58.2100694444
56.6593729655
0.0
6.90972222222
0.0
0.0
0.0
0.111111111111
0.0
0.0
5.34027777778
nan
43.34375
50.1423611111
41.5684210526
39.9236111111
36.2517361111
37.4722222222
20.1774224175
33.489183214
29.1149020725
36.3214653863
24.0868055556
22.6128472222
22.3732638889
34.4097222222
37.8888888889
37.890625
34.5798611111
32.0642361111
34.6527777778
23.9270833333
32.2100694444
22.9982638889
23.203125
26.6302083333
19.5451388889
33.6979166667
30.7933519151
33.6235521105
35.2204861111
35.7754385965
36.6493055556
35.4236111111
38.7118055556
43.3298611111
34.4676513672
33.6746080187
25.2888590495
30.1252983941
26.4525904605
28.5805087619
15.2065972222
19.8333333333
19.5243055556
33.6944444444
18.1788194444
25.4704861111
15.0611199273
13.9677174886
20.0833333333
28.0607638889
21.5746527778
18.9583333333
nan
0.0
4.61805555556
0.0
4.61805555556
0.0
0.0
0.0
0.0
0.0
0.0
0.0
4.61805555556
22.8541666667
20.4461805556
19.1857638889
22.2430555556
11.7951388889
13.6215277778
0.0
0.0
11.4392361111
10.7951388889
14.5173611111
16.3286713287
0.0
0.0
15.8871527778
15.7465277778
8.91840277778
15.1087719298
20.0694444444
20.1319444444
17.78125
19.6354166667
0.0
0.0
11.3578947368
8.27430555556
11.8802083333
12.4236111111
15.8541666667
7.98611111111
13.0157894737
13.59375
12.5989583333
12.9756944444
0.0
0.0
0.0
0.0
0.0
0.0
19.6440972222
20.8715277778
0.0
0.0
0.0
0.0
18.1111111111
17.4513888889
0.0
0.0
0.0
0.0
16.1319444444
18.6145833333
0.0
0.0
18.0902777778
20.9548611111
0.0
0.0
17.1979166667
18.6215277778
0.0
0.0
16.6458333333
18.2916666667
0.0
0.0
18.3125
11.3090277778
0.0
0.0
0.784722222222
9.75
14.9166666667
0.0
17.0416666667
0.0
