27.0545196533
24.1798723009
28.1715376112
28.9072977702
26.4607713487
27.0718739827
24.3718855116
25.8694458008
17.9520789252
21.1954820421
25.6670176188
25.8058980306
31.4954901801
16.8552076552
17.7986161974
31.0809020996
23.4496561686
41.9940827798
22.5989515516
32.4382120768
nan
29.6576571994
33.611456977
33.0545010037
34.7083265516
32.1194424099
31.9215121799
29.6739501953
28.1065979004
30.805545383
39.5968661838
31.2541537815
33.8736097548
32.0211791992
30.8965250651
38.5487702798
33.5385403103
31.0670199924
30.9461737739
25.6204850939
31.2395629883
37.5899488661
45.3815850152
46.6916809082
43.06769477
35.242702908
36.7864345974
39.916659885
24.2774420844
38.2041863336
31.9628465441
36.5221998427
37.1146218968
33.9315897624
38.9375169542
29.7888963487
29.9444580078
31.3798522949
26.2218882243
27.7406277127
31.9386773193
33.9927164714
32.631588406
27.8840281169
26.3038109673
26.5156317817
26.4338132214
25.4659983317
27.1826443142
36.1128472222
31.4840189616
nan
nan
27.3392215305
27.9305674235
31.8982877831
37.0843675401
34.3850708008
30.4472215441
34.2618069119
30.1902703179
34.4079759386
33.5971968913
43.6045159234
44.7271050347
42.4329833984
43.2382134332
43.6104159885
39.7927144368
46.3027750651
48.6100667318
47.1149529351
42.9927164714
36.1634125926
35.8764038086
50.1281195747
28.8489718967
40.2354159885
41.50519477
32.9968905979
38.3038126628
20.3461897108
22.2760416667
33.4534640842
28.3177168104
33.453467475
29.4430440267
33.7944352951
34.1031222873
38.7628445095
40.4187689887
31.88575236
29.8454928928
30.8902723524
28.4072994656
31.376739502
30.0399169922
36.2756958008
29.1309034559
33.7604234484
38.9003295898
34.1350775825
36.9687432183
36.103129069
31.9756842719
29.6572977702
36.5124816895
31.2625155979
39.4965311686
38.5985955132
33.0472242567
35.3246629503
31.1767374674
37.2013828397
42.5566067166
37.460422092
32.0701327854
36.1336602105
32.3690897624
43.9302198622
35.2247318706
36.5614657932
36.8607720269
32.8326449924
34.5250006782
37.384036594
35.7284647624
35.4174311302
40.2566121419
53.530541314
37.6711832682
47.1815999349
40.1635301378
43.9836764865
35.9586893717
49.1701321072
41.3902791341
35.9961819119
36.5451185438
37.6222161187
45.3732638889
48.5062493218
45.9333258735
46.0701395671
49.4670003255
49.2760314941
55.7392306858
47.5562574599
58.5777655707
50.9281175401
60.6281399197
50.8996446398
61.2809109158
69.9487832099
52.1854112413
50.5086805556
45.9170159234
29.9902886285
33.2798631456
35.2920227051
30.3666754829
36.2791714138
27.2201504178
29.4482557509
26.222913954
27.0059000651
31.3822869195
25.8899002341
26.6472286648
31.4621446398
38.6090393066
32.1159735786
29.0725775825
nan
23.9743126763
24.1413319906
22.1347300212
27.8128611247
25.182284885
28.3600752089
23.6642354329
27.6982608371
25.5454830594
28.7305569119
28.3599228277
26.6805504693
27.6180487739
27.7721291785
26.9374983046
27.3097262912
28.2767384847
34.5993099412
34.8506842719
25.0760379367
27.1118062337
24.6121402317
35.6281094021
29.6774224175
27.112153795
25.9996541341
nan
31.0524359809
29.0656263563
32.8204854329
27.5124884711
34.4125128852
25.170489841
24.5458407932
31.6197814941
nan
nan
45.3805711534
38.3881937663
37.499291314
41.5440979004
37.7954731054
34.7527703179
32.5065850152
30.3545091417
33.8579847548
31.6006978353
40.5468885634
31.3451436361
nan
29.4413079156
24.5708346897
nan
36.2236294217
40.4444580078
36.0423516168
37.0312432183
31.2843763563
28.6274278429
28.4687567817
26.2576412625
29.5069410536
33.1864556207
36.9254409843
33.691981299
42.3788214789
38.9892408583
47.9680650499
32.4833374023
43.154168023
27.5309041341
62.748969184
62.6607462565
30.6486104329
31.8027750651
34.4513956706
34.5871514214
33.2131890191
35.7440863715
29.4000006782
32.5489739312
28.0282267394
30.8860948351
27.4909769694
27.35174391
28.1423628065
31.9159681532
28.2732696533
28.1024390327
31.8382059733
29.7590501573
26.2180514865
27.4111039903
40.1597256131
34.3697882758
52.8947923448
44.7451510959
31.6649441189
35.1867980957
29.887491862
33.519173971
nan
27.3180575901
22.7680579291
23.3545210097
25.9402804905
23.3632015652
25.9402804905
23.3572981093
25.9406280518
23.3572981093
25.9402804905
24.9364454481
22.0295155843
24.9350602892
22.025004069
30.9878472222
24.5840352376
30.9878438314
24.5840352376
6.8520834181
1.20138888889
13.5177095201
1.88680564033
6.43888897366
4.78472222222
nan
nan
55.1857672797
44.356584337
26.3173675537
25.0500030518
37.226026747
30.5347256131
38.9701368544
45.8607821994
54.812842475
48.6215311686
38.381266276
35.1874659734
33.9579772949
41.1479187012
36.3350728353
39.7107679579
31.7361178928
31.7361178928
45.5256924099
28.908674452
41.9590318468
47.0725674099
nan
54.6107618544
52.4433966743
71.2100558811
72.1573079427
26.9041663276
28.6468743218
37.3322991265
31.6163160536
67.508327908
69.8621080187
71.2757093641
69.8510674371
61.1409776476
67.2378472222
62.2104085286
66.9520874023
60.911465115
64.7816026476
60.49480523
63.3369446864
45.9628431532
49.8701409234
42.4138827854
46.4826524523
45.7729187012
46.1652594672
46.0284627279
48.7333306207
49.8930697971
50.0180358887
23.3249986437
36.1725633409
25.3020918104
34.8100687663
56.0916646322
19.2482672797
0.0972222222222
8.41736094157
47.9885287815
nan
42.1989542643
47.2500440809
39.2184811901
37.7795206706
35.1607733832
36.2076517741
24.9114668104
32.1142374674
33.5645887587
34.9809129503
26.2961900499
28.4517381456
26.3513895671
29.6298658583
35.3486531576
36.2114800347
37.9822998047
32.5559251573
35.5881890191
27.9656304253
32.1305474175
27.9128536648
26.6000315348
28.4316033257
25.50243632
32.8934054905
28.2902764214
30.8399386936
33.7305569119
35.9156651514
32.7979092068
33.1069573296
34.189239502
35.5295138889
33.0597127279
31.9500020345
26.1593712701
30.2350599501
25.6341531468
28.4861043294
33.7763977051
30.662838406
25.4979231093
32.8906317817
32.9315965441
34.6013997396
23.0249972873
22.344092475
28.4333309597
30.6718783908
36.1291673448
29.5302090115
nan
34.1079813639
30.3322923448
43.1038140191
30.5923631456
0.875
0.0
1.2173611323
0.555555555556
1.10416666667
0.107638888889
40.1392381456
30.4920111762
54.7350802951
50.7965426975
44.5732455783
53.5006815592
35.8892449273
32.1593729655
0.402777777778
0.0
32.5191141764
30.0826449924
47.4975619846
36.7470328833
0.246527777778
0.0
39.3513895671
32.0795084635
36.4062432183
32.2794533972
47.1128540039
44.5065985786
42.2052103678
43.4520772298
0.0
0.0
34.2010459767
37.4197964138
36.511461046
36.7843797472
43.9774373372
33.0607638889
37.2815154072
40.1916571723
38.1482679579
34.2579718696
0.0
0.0
0.0
0.0
1.72916666667
0.0
44.9086846246
47.1666632758
0.545138888889
0.336805555556
0.0659722222222
0.0975609756098
44.5361022949
45.1305745443
0.0
0.0
0.0
0.0
40.8416510688
45.988881429
0.590277777778
0.173611111111
46.015625
47.9454989963
0.0
0.0
45.126373291
47.4760538737
0.0
0.0
43.2850748698
46.9871520996
0.0
0.0
44.1937391493
47.9767320421
0.0
0.0868055555556
39.8451470269
32.4930555556
27.3590308295
0.0
35.1902872721
