26.9906480577
24.7354125977
28.1079881456
29.2951524523
26.4187503391
27.0847269694
24.4961937798
25.714243571
26.1857588026
25.213889228
29.7174695422
31.4253472222
31.9940965441
18.2628445095
18.6826443142
36.2992926704
25.132297092
53.7038557146
22.8187527127
35.537838406
nan
29.2513868544
33.6600884332
32.0958089762
34.2107815213
31.8885498047
31.7586839464
29.5225626628
27.4701317681
31.0281338162
39.1308898926
31.3607584635
34.1586778429
31.5066019694
30.8385416667
38.4510455365
33.2576429579
31.4722425673
31.2604064941
25.9159783257
31.6201375326
38.7090352376
46.4506937663
46.434366862
42.4318113527
35.4625142415
36.3923577203
39.9718865289
24.7378540039
38.400004069
32.0986158583
35.8565945095
37.3692191597
34.259036594
39.6663309733
29.7753431532
30.4885321723
31.3926866319
26.5875125461
29.2204861111
31.8293678977
33.2399258084
33.790286594
28.254860772
27.0666469998
26.5909796821
26.7905666111
25.5809343126
27.6659884983
36.0157342657
31.5215352376
nan
nan
27.720123291
28.6017456055
31.436366368
36.7874925401
34.7579989963
30.6704881456
34.868754069
30.6243048774
34.482293023
32.6234258905
44.3083292643
45.0815938314
42.9281073676
43.9748210774
43.5927293566
39.2829691569
45.4114481608
49.0059000651
47.757297092
43.5194498698
34.8989394395
36.0062527127
50.5895555284
28.2427113851
38.8638916016
41.150004069
33.2194552951
36.6190965441
20.1409657796
22.9308980306
33.1086866591
27.8746422662
33.1086798774
28.7604064941
33.7038454709
33.1135491265
40.6350775825
39.2986178928
31.7388882107
30.2993096246
29.8402777778
28.1989593506
30.9638909234
29.8142361111
36.5867160184
29.1877663352
32.8704833984
39.5368109809
33.4322984484
37.2656351725
36.0173712836
31.2347276476
29.2576327854
36.787173801
30.5884114583
39.1993001302
38.3208346897
32.4937574599
35.1715359158
30.6736212836
36.9276216947
42.733323839
38.817715115
31.8010559082
36.0617947049
33.0920172797
43.4013841417
35.5172012061
37.5572747125
35.7479112413
33.5986090766
33.8961927626
38.3401954491
35.2163052029
34.8902186681
40.9149441189
53.3537835015
37.35905287
47.6882052951
40.1215345595
44.1315850152
35.8597140842
49.7232699924
42.1923590766
36.1350843641
35.8825256774
39.0555589464
44.352098253
47.8868170844
46.5295037164
45.9253573947
49.5947977702
50.1873907343
55.9986233181
47.4659796821
59.5718722873
50.2427164714
61.3281114366
51.2729153103
63.44793023
70.08984375
51.9156460232
50.858898628
46.2402581109
31.033331977
33.9170159234
36.4089999729
30.6902669271
35.4447627568
27.7097320557
30.1548631456
25.9131978353
27.2520887587
31.3513929579
25.6531393411
26.3833397759
31.2791578505
39.1361151801
32.4934082031
28.913547092
nan
25.1562516954
22.5420227051
22.8253529867
26.3541700575
24.5333387587
28.3621520996
23.2267523872
28.0229153103
25.3576405843
29.7916666667
28.2677117599
27.4829779731
27.7347259521
28.3954427083
29.147922092
26.5534718831
28.1486104329
34.3653812008
34.2458428277
26.077428182
27.7242923313
25.0433460582
35.6027933757
29.7857496474
27.7232530382
25.8117980957
nan
30.2302144368
30.205227322
33.1711764865
28.9711846246
34.6993001302
25.8683963352
24.3121592204
30.2006869846
nan
nan
45.1920030382
39.7315877279
36.9993136746
42.5760328505
37.3387988964
33.4638909234
31.9670274523
29.4934082031
32.1920166016
33.5184054905
40.2333204481
30.1496548123
nan
30.4298536513
24.1829918755
nan
36.3218892415
39.9923739963
35.5614624023
37.4416537815
31.9710104349
29.2423035948
28.658331977
26.4711812337
29.2690938314
32.9374966092
36.1743832237
32.993696733
41.2149285211
38.0267503526
48.1027730306
30.7288174099
43.2756958008
26.633682251
60.7416653103
60.1058959961
30.0541619195
31.7090799825
32.9222208659
33.2524074978
31.2236056858
34.6392347548
28.3124966092
32.1739501953
28.4576953808
30.7454901801
27.4871470133
27.3048502604
28.3222181532
32.416659885
29.1430596246
28.2274271647
33.4670342339
29.6673651801
26.4736158583
28.2086825901
40.1347215441
35.0656229655
53.6666564941
44.3322719998
30.7034810384
35.8437635634
28.8232693142
32.7069971045
nan
26.0312466092
22.4812469482
23.7281307644
26.9746653239
23.728129069
26.9746653239
23.7281307644
26.9750145806
23.7312571208
26.9746670193
24.1823001438
22.6395992703
24.1791771783
22.6277940538
30.0614454481
23.815633138
30.0614420573
23.8142445882
5.73937265217
0.996527777778
15.3253495958
1.9391607538
8.64583333333
5.51909722222
nan
nan
55.4760572645
43.8954806858
26.9010501438
25.8017222087
36.5420057509
31.7618001302
39.9965345595
46.6461927626
54.9962090386
48.2194552951
38.15625
35.6129295509
34.0409817166
40.2142266168
36.741672092
40.0288221571
32.1187438965
32.1187438965
45.4986063639
29.8691033257
42.6013861762
47.063551161
nan
54.9377629207
51.5708211263
70.1242811415
70.9545016819
31.1215209961
37.3177117242
44.7902696398
44.7579786513
66.6190931532
68.6156277127
69.266444493
69.0185000546
59.2902764214
66.240641276
60.8218655056
64.3260294596
59.175008138
64.2600843641
59.3500094944
62.769592712
44.1284790039
49.2791578505
43.1805487739
46.4767184787
44.7076246474
47.1013929579
47.4548509386
48.3409796821
50.5475633409
49.3676961263
53.4361097548
36.0006849501
25.1569451226
51.7517462836
64.7024400499
25.7847137451
0.0798611111111
17.9114617242
47.3784823947
nan
42.2999945747
47.303829617
39.0779850033
37.3500027127
33.9427015516
36.6350741916
24.8729231093
31.8020833333
33.8493143717
35.0709783381
26.7225663927
28.0548587375
26.403825548
29.7875027127
35.2781541612
35.7291768392
38.2604200575
31.3277791341
35.9621412489
28.2104254829
31.3770955404
27.631245931
26.4198031955
28.5732693142
25.4159952799
31.9548698372
28.2364637587
29.7468905979
32.2996622721
32.3562984867
31.7406344944
32.0482584635
31.5468783908
32.4683939616
31.7322692871
31.1746385362
25.2996504042
29.901034885
25.3290281496
27.8538208008
32.347913954
30.6562533908
25.3444654677
31.8506707086
31.9364590115
33.8699362161
22.947233412
22.3201395671
27.4406263563
29.2725728353
35.7319403754
29.4170125326
nan
38.2975544963
30.3597310384
43.6781311035
30.5413208008
9.1875
0.743055555556
5.83680555556
6.10416666667
0.295138888889
0.0
44.142364502
30.4111124674
53.6309102376
50.4968736437
44.4906243218
52.6076592339
35.7628512912
31.7027745264
0.295138888889
0.0
32.6312527127
32.6055569119
46.9034729004
38.2475379621
0.0
0.0763888888889
39.3756815592
33.6770833333
36.2902764214
35.4066426737
47.2649400499
47.0767483181
42.9923706055
46.2843729655
0.0
0.0
32.1873595121
38.6951463487
35.2573004829
39.2555541992
41.5791490343
34.6704881456
35.148246285
41.5413309733
36.5940890842
37.1937527127
0.0
0.0
0.160839160839
0.100694444444
50.3100721571
0.0
45.1500108507
45.6576504178
0.388888888889
2.61805555556
0.104166666667
0.0
44.9864671495
44.5829908583
0.0
0.0
0.0
0.0
40.0756869846
44.4586724175
0.826388888889
0.111111111111
44.5031297472
47.6131829156
0.0
0.0
44.6112017865
47.887834337
2.91666666667
0.0
42.3555535211
48.0905753212
7.65625
0.0
43.4204779731
46.5992838542
0.0
0.731707317073
39.6670227051
31.9430575901
35.401034885
0.0
39.8871629503
