28.0416751438
24.0965304905
28.7913275825
27.9670240614
26.6041734484
27.5277743869
24.423614502
26.0489535862
24.3565911187
26.7246483697
30.779168023
31.9496527778
32.2236090766
17.220135159
23.7569529215
20.1319410536
28.5166727702
26.5780467389
16.8736063639
28.0298563639
nan
30.4673699273
33.8465372721
33.2083435059
34.8024393717
31.6315951877
31.9024319119
29.7961595323
27.9451293945
31.2291632758
40.9614359538
31.4513685438
33.1256883409
31.7812466092
30.9027879503
37.8986076328
33.1892259386
31.6013895671
30.6864556207
25.1236199273
31.1913079156
37.84342787
45.9378526476
46.8117980957
42.8447943793
35.5989685059
36.5645751953
40.7375115289
24.1413285997
37.7399291992
32.2461751302
37.0673794217
37.8254334985
34.2527804905
39.5440775553
30.3597310384
31.2958543566
32.7940877279
25.8573218452
30.2427130805
32.5694410536
33.5753479004
34.3083394368
27.060760498
27.1111043294
27.1326480442
26.2000149717
24.7291768392
26.8375023736
35.2090284559
31.705549452
nan
nan
28.4392361111
29.0076429579
31.1432076165
37.2718573676
34.8684082031
31.3316006131
35.1079915365
31.2663302951
34.7079874674
33.4386671113
43.6215142144
44.2281155056
43.0572916667
42.9916551378
42.8097161187
39.2635260688
44.069454617
46.8170233832
47.0538126628
42.8475748698
34.3658400479
36.3948059082
48.4194437663
28.7239515516
37.9871453179
40.4187486437
31.3124966092
35.6979200575
18.7295176188
19.3048570421
32.8809102376
26.4909684923
32.8805643717
27.2819315592
33.555034571
33.018758138
39.1749844021
38.9965108236
31.6638895671
30.1656155056
30.4795091417
28.1847229004
30.3423597548
29.8385450575
35.8142428928
28.9149407281
31.9843716092
38.5111151801
32.5170050727
36.3347100152
34.9767320421
30.7666693793
29.2507019043
35.789920383
30.6027696398
38.153825548
37.1708407932
32.271870931
34.4687432183
30.7250061035
34.5069788491
40.6058688694
37.1118130154
31.4194403754
36.7225714789
34.7941046821
42.3347100152
37.1434020996
38.3955044217
37.1232503255
34.1816101074
34.9597066243
38.2413092719
35.8600633409
35.5912864765
40.4715270996
50.7111239963
39.690612793
46.7708468967
40.7139112684
43.7777743869
36.9312608507
48.7510375977
41.9979078505
35.9159817166
36.6677076552
38.6128472222
44.6756998698
47.584713406
45.4857754178
46.2177225749
49.3566046821
49.8208245171
54.8503485786
47.8166775174
58.1097073025
50.7823079427
59.5815836589
51.2169867622
63.1905856662
69.9550985409
52.2114291721
45.3864508735
44.8597106934
30.8736199273
33.4475741916
36.1198018392
30.9006822374
36.7315945095
27.3434007433
30.4191046821
26.495139228
27.0239495171
31.0895826552
25.6954792302
25.1163228353
31.296532525
38.5475497776
32.045135498
29.107635498
nan
23.8086836073
23.1600748698
21.5847320557
27.2076331245
23.9847242567
27.2197977702
22.9590301514
26.6982608371
24.2510375977
29.1326395671
27.4461737739
25.8854149712
26.6138882107
26.5743052165
27.2979142931
27.5242919922
27.2225613064
32.5811839885
33.2836778429
24.1482696533
27.5579867893
21.3256954617
37.9851074219
28.5579800076
27.5579850939
22.23193868
nan
31.6645880805
28.942715115
32.625342475
27.7958407932
36.5972188314
22.9375033908
25.2687445747
31.0124952528
nan
nan
43.6552022298
39.6107415093
37.0875006782
42.9347127279
37.3278936193
33.4913262261
31.6440938314
29.5041673448
32.4114515516
35.8069729275
38.4444478353
31.0374891493
nan
29.8670010037
22.3093804253
nan
35.585422092
39.1951361762
35.566684299
36.4125061035
31.4357672797
28.8041653103
27.9951358371
26.3878479004
28.733323839
32.3770751953
36.0345131479
33.0533026187
39.9263848199
37.7034878201
45.5593770345
29.9993082682
41.3256869846
27.3649325901
58.4458075629
58.3392266168
30.5729031033
31.524983724
32.5520799425
33.0093621148
30.9034729004
34.6031358507
27.5197872586
32.3208414714
28.2066144245
30.0183953179
27.6444549561
26.2267269558
27.9065941705
30.3861083984
29.3940904405
28.6881849501
33.778116862
29.0552130805
26.5458390978
27.8798590766
40.2441033257
35.0677218967
53.6194322374
45.2486063639
29.014594184
34.0947842068
28.0052185059
32.0142809506
nan
26.0013970269
22.3989664714
22.1145850288
27.1357676188
22.1194474962
27.1357676188
22.1142391629
27.1357693142
22.1159735786
27.1357693142
23.1239657932
22.2447899712
23.1239657932
22.2444441054
29.8541564941
24.8555636936
29.8538072374
24.854868571
5.11986071224
0.677083333333
11.3833329942
1.01388888889
5.77083333333
4.17569435967
nan
nan
54.1687554253
45.3666619195
26.3746507433
24.186114841
38.2288174099
31.0920138889
39.6843600803
46.2784729004
53.9607781304
48.5902845595
38.5663214789
36.2247556892
34.1142340766
41.4138929579
34.5559149848
37.5111050076
24.9791615804
24.9774254693
45.2683987088
29.2993164063
41.4003533257
46.7416653103
nan
53.3666687012
52.0659857856
69.9215223524
70.8437567817
19.9479115804
27.2909732395
28.6906297472
21.0309024387
67.3906182183
69.7552218967
65.8448079427
68.6590169271
56.3249952528
67.880859375
56.5180731879
66.2253214518
60.9291924371
59.8868204753
61.1520996094
59.7536748693
47.5572814941
46.9201456706
43.3364664714
45.5156216092
46.8635355632
44.726026747
47.588534885
47.7492980957
51.6885647244
47.6541815864
44.2152777778
32.3104146322
23.4857635498
49.7187601725
40.4315965441
18.1180555556
0.0416666666667
3.83437516954
37.4149373372
nan
42.7833184136
47.4965277778
39.4160224303
37.4531453451
35.9979112413
37.8194512261
24.4260491265
32.9395853678
33.0246446398
35.7000054253
26.7927178277
28.217376709
26.0836995443
30.2527804905
35.3736131456
35.7038235135
38.5316094293
30.9871554905
35.4083218045
29.0617947049
33.1711798774
27.493399726
26.0118103027
28.2472178141
24.6093885634
32.4909701877
29.1239454481
31.6576436361
35.20831977
36.55539185
34.2371487088
34.7697923448
34.548614502
35.8104214138
33.6472269694
32.864590115
25.839586046
29.4572821723
25.9163848133
28.0312618679
32.1934034559
31.5131971571
24.6118164063
32.5118035211
31.9197896322
34.055202908
22.7038082547
22.1006910536
26.8586900499
29.8395792643
36.0513882107
29.7982686361
nan
30.9475606283
25.5576409234
36.3399217394
26.2291683621
1.40972222222
0.0
0.836805555556
0.381944444444
0.0902777777778
0.0
38.1774190267
25.7430589464
53.4861178928
48.3649359809
41.1583353678
53.0395812988
35.8888787164
30.8517252604
1.90972222222
4.15625
32.3427022298
29.3513861762
46.7388916016
37.1628553602
0.0
4.25347222222
39.4312642415
33.1694403754
34.7503458659
33.8961543173
48.0336710612
44.3381924099
42.1815897624
43.2847154405
0.0
0.666666666667
32.1097595002
37.4958326552
34.7680630154
39.3347167969
42.7204861111
32.8340250651
35.7348581773
40.9857584635
37.0135464138
36.0267300076
0.0
0.0
0.0
0.208333333333
2.06597222222
6.33402760824
43.2388848199
46.8326449924
0.527777777778
0.739583333333
0.0451388888889
0.0
42.0322977702
43.7677171495
0.0
0.177700348432
0.0
0.0
33.8684082031
44.8624945747
15.96875
0.618055555556
40.7330050998
47.1249796549
0.0
0.0
40.9527655707
46.7566121419
0.0
0.0
39.5614827474
46.632297092
0.0
0.354166666667
37.533674452
46.5659620497
0.0
0.80487804878
31.0816006131
31.7305569119
35.4194369846
0.0
38.8322821723
