26.7017364502
23.5017479791
27.7923668755
28.2756991916
26.1826477051
26.2986263699
23.8968844944
25.2552185059
16.9753434923
20.4083336724
24.6689878457
25.1326395671
21.7552134196
16.6656273736
16.0093756782
22.618057251
16.9458346897
30.8351991235
14.0986082289
23.4031236437
nan
28.8472188314
34.0215182834
31.2355387086
33.9149441189
30.6514044868
31.4975585938
29.9197760688
27.7718861898
31.3597276476
39.4111090766
30.5458272298
33.4902648926
31.4197828505
30.4187384711
38.2358789743
33.038547092
26.1673651801
30.6451416016
16.9333343506
21.9788191054
37.9437561035
45.7298617893
45.3669806586
43.1703948443
34.5979173448
36.6340332031
39.1840311686
24.7465345595
37.9368116591
31.790629069
35.9437527127
37.2181137032
33.9555630154
39.6437479655
29.6982625326
30.1031222873
32.3374769423
24.2715504964
24.8868001302
27.9493086073
33.0867987739
33.891998291
26.493057251
24.6649237739
25.6698099772
25.2836386651
24.4430677626
26.4701504178
34.731033591
31.2892286513
nan
nan
26.8833211263
24.7079959446
31.8773546385
37.6566060384
34.6878458659
30.8225775825
35.0972290039
30.5357699924
34.3461642795
34.7229999183
45.3847249349
46.0277438694
43.7736070421
45.053463406
44.2146063911
39.9211832682
44.1451416016
47.4993184408
44.8791741265
42.4402872721
34.5703907611
33.814924452
48.2267218696
27.0597110324
38.0673658583
38.6718851725
30.5937398275
36.1267428928
14.1531253391
13.187848409
32.914920383
26.746866862
32.914920383
28.0666622586
33.6212570775
33.778116862
38.5958421495
39.1288282606
30.9024251302
29.4645758735
29.7624986437
27.6690877279
30.0190972222
29.2590230306
36.2766632186
28.3456469812
32.1425134745
39.0645887587
32.4708251953
36.8215196398
34.8038092719
30.7059122721
27.9604085286
36.4326443142
29.382931593
37.7423672146
36.856241862
31.2079874674
33.924299452
29.3892381456
33.3237083515
41.3993191189
38.4843614366
30.7759690767
35.47362264
32.8114624023
41.6958550347
35.7442631206
38.1263834635
36.6670193142
33.7541469998
33.984032525
38.8376354257
34.7590128581
34.6689827417
41.9475572374
52.2222323947
38.8590359158
45.0086907281
39.9454752604
42.0326266819
35.3684217665
48.9833340115
41.8454725477
34.8003336589
35.7202097398
38.7013821072
44.9357740614
47.9104241265
45.4989522298
46.5753445095
49.4947950575
50.2602862315
55.103129069
47.9750027127
58.1038275825
50.9038323296
60.2013888889
52.3708428277
62.8315904405
70.3906181947
53.0725572374
36.968641115
44.9267306858
29.9239603678
33.324669732
35.4524366591
30.1139085558
35.264117623
27.0350731744
30.2229173448
25.7826487223
25.0291731093
29.4725748698
25.6369450267
25.3941073947
30.2833387587
35.1142782284
31.8590257433
29.2680528429
nan
22.5517442491
20.4048614502
20.5361141629
24.1472167969
21.5086890327
27.6170179579
20.0868089464
26.9805535211
19.2298600939
21.0090298123
23.5770055259
19.0104115804
22.5163099501
19.7409684923
25.1104210748
25.2986195882
28.8704800076
35.7710658482
34.879184299
24.9159783257
23.8833329942
19.0846700103
34.836130778
28.9892137316
23.8833329942
19.0815938314
nan
30.3690863715
28.5350646973
33.0442583569
24.6680704753
37.1690945095
16.145485772
23.09375
31.557284885
nan
nan
44.881266276
31.4788072374
37.1874659734
32.6750013563
24.0655011433
33.6159871419
24.4878540039
29.1937527127
21.4649353027
34.8288201226
39.5198059082
28.8177015516
nan
28.4798583984
18.4527876112
nan
35.5690816243
39.6708340115
35.4312506782
36.2809143066
31.0996434016
28.5359014318
28.0524359809
26.5347154405
28.7857462565
32.3916524251
34.9846676285
31.7045405052
40.9006754557
37.9430440267
47.1750183105
29.9604119195
42.4326375326
26.4027862549
60.5684068468
59.1937594944
31.1663038466
31.4195237642
33.0204840766
33.332288954
31.3361036513
35.6774258084
28.0024397108
32.246887207
28.223692359
30.3333231608
27.6288130018
26.7823062473
27.8802032471
31.2829793294
28.726047092
28.3489532471
32.2527567546
29.0447964138
25.903471205
27.2833421495
40.2065904405
34.9156256782
51.7107577854
43.8361002604
27.3392333984
34.3354153103
25.8000047472
32.4250803027
nan
23.9218783908
23.9104122586
19.0038333469
27.4875047472
19.0041809082
27.4861161974
19.0038333469
27.4861178928
19.0038333469
27.4459998367
23.5822906494
18.321524726
23.5840250651
18.3315955268
30.9548509386
24.8163163927
30.9548509386
24.813885159
3.55174820907
0.180555555556
9.85069529215
1.02090592334
5.85069444444
3.35972213745
nan
nan
52.8253207737
43.7385457357
24.1059163411
24.4024458297
36.7513936361
31.9506937663
38.18262736
45.2632073296
52.6058722602
47.227420383
37.2795138889
35.6724772703
34.8038228353
40.8823004829
26.7329830594
30.3781195747
18.1076321072
18.1076321072
45.669793023
29.0586853027
40.6529732415
45.2920362684
nan
54.2174229639
52.7583346897
71.3576388889
72.0985853407
18.6871473524
20.4440934923
28.1968672011
23.3000013563
67.1732516819
69.0982326931
67.6850432818
70.1769857905
58.1159735786
66.6996459961
58.6576266819
64.7684461806
59.7961832682
60.0833468967
59.9086914063
59.5697000218
44.7388848199
48.0135498047
42.4489576552
43.995493571
44.9666578505
44.8614501953
46.3996717665
46.7534823947
50.2396036784
47.4332987467
20.3368055556
24.680202908
20.4590233697
30.1482577854
43.1475762261
13.9413163927
0.0
5.32499991523
39.3079833984
nan
41.7309027778
46.9423522949
38.9522641278
37.5083448622
34.0753614638
36.2562696669
22.6746504042
32.5951504178
31.4479200575
35.7588877395
26.1190999349
26.1517367893
25.002081977
29.7298482259
34.9010314941
36.2232801649
36.9319458008
30.8500027127
34.7784525553
27.5520884196
32.0343763563
27.0479092068
26.1270904541
28.3562486437
24.5826382107
32.1156869284
28.4767320421
29.8944464789
35.810418023
35.9989519817
34.7316080729
35.3718804253
34.1065979004
35.756245931
33.5100775825
32.7420111762
25.5788269043
28.9111158583
25.3930323797
27.4774271647
32.9909667969
31.1885240343
24.5590277778
32.2201538086
31.6899278429
34.3324191529
19.2767401801
17.5569390191
25.7951388889
29.9673665365
35.4875013563
30.0333353678
nan
24.468641115
22.9541676839
30.6867947049
23.2041625977
0.6875
0.0
0.243055555556
0.694444444444
0.388888888889
0.0520833333333
28.7388848199
23.1059061686
45.4284566243
41.8757052951
35.8128390842
44.1246473524
28.1874915229
23.5581888338
0.159722222222
0.0
24.5986124674
21.7118055556
38.5135260688
27.6205612342
0.0
0.0
30.826043023
23.8624979655
28.2131941054
24.0379787538
40.0202185867
36.0051981608
32.99480523
36.1989508735
0.0
0.0
25.9378475613
28.9402804905
29.9124891493
28.8222113715
36.1447855632
23.7826300727
29.466895552
31.3583407932
29.8920084635
25.9618004693
0.0
0.0
0.0
0.0
1.16319444444
0.0
35.5999891493
38.1472303602
0.288194444444
0.402777777778
0.0451388888889
0.439024390244
35.834713406
35.9277852376
0.0
0.0
0.0
0.0
30.1798638238
35.5812479655
0.295138888889
0.524305555556
34.1635335286
38.1725802951
0.0
0.0
34.3770041649
37.6295267741
0.0
0.0
32.2326321072
37.7296112805
0.0
0.0
33.8420071072
37.6444532606
0.0
0.0
24.9420250787
23.8229251438
26.9093644884
0.0
33.2732713487
