27.9083455404
25.326397366
29.2041693793
29.8996548123
26.2323065864
26.6316053602
24.2020823161
25.3451588949
18.1868116591
22.3746558295
26.2218746609
27.5944485135
32.9156155056
20.9739566379
19.344104343
32.3760477702
25.3624979655
42.2600572374
24.1958380805
33.4350721571
nan
30.1753506131
33.9996439616
33.1197781033
34.8694152832
31.8874952528
32.2882080078
31.2173631456
29.397922092
32.332288954
40.2836710612
32.1295132107
32.9895765516
31.812842475
31.1045159234
39.0802137587
33.552090115
31.7454969618
32.0961846246
25.3326500787
32.5732591417
39.3784484863
46.4517313639
48.3399353027
43.3857760959
36.4378492567
37.3059014214
42.168741862
25.2045169406
39.3992987739
33.7107849121
37.6211819119
38.2413058811
34.7229037815
39.2809143066
29.6753404405
30.9552001953
32.7465243869
25.7455105252
30.1256883409
32.2347073025
31.8475613064
32.4024149577
25.5427059597
25.4569464789
26.4802246094
27.9000176324
24.4500325521
27.1746639676
34.8059048123
31.3131747776
nan
nan
28.6426900228
30.2545301649
32.5815836589
39.033352322
35.0947875977
30.8465338813
34.194797092
30.909040663
34.5607435438
33.3756883409
47.1309068468
43.298614502
41.6573045519
46.8583272298
42.4760369195
42.2878519694
41.9965481228
45.764594184
48.5861341688
44.1340196398
33.2486165365
36.4524230957
48.3704766168
28.9541659885
36.9249979655
39.7784695095
30.6774258084
34.8743082682
19.8802049425
22.2694498698
32.5788167318
27.4465213352
32.5788133409
29.0548570421
33.4246385362
34.0975579156
39.0461798774
38.0968967014
30.6659817166
28.5034620497
29.6183912489
27.2638871935
30.180202908
29.1999986437
35.2704874674
28.4878540039
32.085422092
37.1538289388
32.183336046
35.7270880805
35.8666754829
30.4378458659
28.7437405056
35.375342475
30.1767374674
39.157989502
38.3965352376
31.8517252604
35.2514038086
30.2135314941
35.8399488661
42.1545308431
36.5684068468
31.5895928277
36.3982747396
30.8281351725
44.3180541992
36.7083163791
38.3617892795
36.5243123372
33.67674764
34.1170111762
38.7923651801
34.8305562337
34.4229024251
41.6555684408
52.4430541992
38.6826443142
46.5277879503
41.5506896973
43.4204813639
37.4395785862
51.0649210612
43.3551974826
35.9478997125
36.7725660536
38.2111036513
44.4236009386
47.7319335938
45.740620931
45.6666734484
48.7472364638
49.4878540039
54.0406324599
47.8395690918
57.4065890842
51.3958638509
60.1121419271
50.9843716092
63.5670233832
70.6944173177
52.5357699924
51.0173611111
46.3020765516
31.2944471571
34.2316080729
37.2090250651
31.1704915365
36.7065904405
28.7288208008
29.3434007433
26.4916703966
26.4555545383
32.0576307509
26.1093800863
27.1288231744
32.6003350152
39.2315945095
33.0305480957
30.3072916667
nan
25.9229210748
25.6552174886
23.8048655192
28.5357632107
23.9937574599
28.1218702528
22.9514058431
27.4243011475
25.3347269694
29.1406148275
28.7728983561
27.0871514214
27.0499962701
27.6652764214
26.2687513563
25.3805575901
27.5208316379
34.475016276
33.8534613715
23.2229224311
25.6624738905
25.2749972873
35.5534566243
26.4850650363
25.6624738905
25.2041609022
nan
30.8572862413
28.2204844157
31.6656121148
28.156946818
35.1392415365
27.0045047336
25.8260379367
33.6562432183
nan
nan
44.7836778429
41.253455268
37.5281032986
43.0006747776
38.3725823296
32.1597188314
32.5263841417
28.4354332818
32.9538099501
34.823618571
39.2944471571
31.858344184
nan
31.8253377279
25.4347161187
nan
35.5888671875
39.5194295247
35.9079827203
36.4972364638
30.918762207
28.2260352241
28.929172092
27.314924452
28.9041612413
32.444088406
35.6909790039
32.6315782335
40.9090169271
37.8388977051
46.5579901801
30.4580044217
41.9861111111
27.3718804253
55.7399088542
59.6079847548
30.4677056207
30.9566006131
33.9871520996
31.705206977
30.7496507433
37.4659864638
28.0767466227
31.9055718316
27.6298692491
29.347913954
26.6843821208
25.6756981744
27.8204803467
31.1420118544
27.7937486437
27.2763858371
31.2611151801
27.0635426839
25.0586886936
26.816652086
37.7201199002
33.2506747776
46.7159864638
40.7753465441
30.1333312988
34.9801974826
28.9590115017
33.0080091688
nan
26.6920250787
23.5003492567
24.0982632107
26.8024275038
24.0996517605
26.8024275038
24.0982649061
26.8027733697
24.0993075901
26.8027733697
23.566663954
22.2784661187
23.5656229655
22.2777743869
31.7756924099
25.0451219347
31.7756924099
25.0496351454
3.74583350288
1.64236111111
11.5333328247
1.84375
7.12222205268
3.89999983046
nan
nan
44.607957628
41.640625
26.8395894368
25.9666815864
37.5579833984
31.289577908
36.3114420573
48.6225891113
44.5656229655
44.4468519423
34.7895812988
34.5274319119
33.9878438314
40.465294732
36.1211751302
39.4722290039
32.1538187663
32.1538187663
45.4656304253
30.8100585938
44.1895887587
43.9878675673
nan
57.4451361762
50.2454800076
71.9954969618
71.8746541341
22.5593736437
27.3111063639
35.3531256782
29.5833265516
71.2461751302
70.7986314562
71.7476060655
70.3854370117
61.9954833984
69.136461046
62.502081977
67.194797092
60.238559299
64.4867892795
60.7416924371
63.1704983181
46.4798753526
49.3003506131
46.037516276
48.2927008735
49.7986077203
49.3409796821
48.9652438694
49.8538072374
54.1923590766
51.5361124674
29.4670172797
36.2444356283
27.7909732395
40.3156229655
55.279510498
17.7499932183
0.121527777778
7.61215294732
47.9079861111
nan
42.5805528429
48.9145745171
39.5211893717
37.9375203451
34.2691073947
36.7517530653
24.786819458
32.1128607856
34.7715318468
34.4649285211
26.8329891629
27.2388983832
26.6305525038
29.7454901801
35.410091824
36.3986206055
38.2892252604
31.9868130154
36.2437472873
29.2545132107
30.8562384711
27.0635342068
26.4996541341
27.8347167969
26.1295301649
34.0708211263
28.5125088162
30.0597262912
34.6576436361
36.0805630154
33.8482835558
34.811469184
33.9364759657
35.7000189887
34.1020880805
33.6329956055
25.5437469482
28.9874979655
25.1684061686
28.2048628065
34.6979200575
31.3850741916
26.1281348334
34.0986022949
33.9322950575
35.2670050727
23.1295301649
22.3437550863
28.6173536513
30.3923577203
37.2357584635
31.6645880805
nan
39.5125088162
30.7597317166
47.3784688314
31.019809299
0.541666666667
0.534722222222
0.488888899485
0.545138888889
0.496527777778
0.190972222222
45.8128526476
30.9680616591
54.3881903754
53.065633138
48.1329786513
53.457631429
36.1003485786
35.4295145671
0.159722222222
0.0
35.6215209961
34.4593573676
51.7170003255
41.5187276204
0.121527777778
0.0
43.5097283257
36.6687486437
40.8996412489
38.0548502604
51.7000155979
49.1288248698
45.0118035211
49.0875074599
0.0
0.0
37.1840311686
41.6170281304
39.1454840766
41.4562445747
47.2690938314
38.7399359809
40.9916687012
43.9541524251
40.8097161187
38.8163282606
0.0
0.0
0.0
0.0
3.0
0.159722222222
48.629506429
50.3058912489
0.0347222222222
0.243055555556
0.0
0.0
47.7458326552
45.8961554633
0.0
0.0
0.0
0.0
43.870836046
48.4555562337
0.5
0.590277777778
48.6256781684
53.25
0.0
0.0
46.0885518392
51.1190965441
0.0
0.0
45.026034885
51.2840033637
0.0
0.159722222222
46.8107808431
51.1194695367
0.0
0.0
40.7270846897
34.5892367893
28.7437405056
0.0
35.0517374674
