28.5225694444
21.8871527778
30.3645833333
26.5972222222
23.5190972222
23.6180555556
21.4357638889
21.9600694444
11.0
11.1597222222
22.4755244755
13.7673611111
19.1805555556
9.71527777778
6.1875
0.0
0.0
0.0
0.0
0.0
nan
29.6493123372
34.6930508084
34.6735048726
35.7524278429
33.2687479655
32.3638916016
32.2690972222
31.3628472222
32.1857638889
41.9513888889
31.4340277778
31.8038194444
32.7430555556
30.3975694444
38.8234265734
34.40625
23.0038062202
33.172861735
14.2760416667
20.9635416667
41.3611111111
48.6631944444
49.3177083333
45.1149825784
36.4131944444
37.5902777778
43.703125
23.2256944444
41.8020833333
32.5555555556
38.2708231608
39.3646743881
35.0492926704
38.9513753255
30.6152716743
31.4826388889
34.8343777127
18.1614583333
20.2725694444
24.0378485786
33.5888332791
33.3832939996
24.7221934001
18.4423522949
27.6701388889
21.8811188811
25.1215277778
31.6788194444
36.3264747115
35.1475219727
nan
nan
22.8732638889
18.9253472222
31.8776223776
38.4427083333
37.9558410645
33.0538194444
36.0346645779
30.15625
36.7708367242
32.2506999836
49.3475579156
46.3569166395
44.1312425401
48.9400587979
44.731241862
42.0638834635
46.0288187663
47.8864576552
49.4507073296
44.9176873101
34.8674674934
36.3760274251
50.6586642795
25.2649214003
38.1798536513
40.8798590766
30.6777581109
37.0531243218
11.0868055556
1.35069444444
34.7044949002
22.1065928141
34.7044949002
22.9177008735
35.6136192909
34.0298495822
40.4718560113
38.7951253255
31.7305399577
28.0430433485
28.0569356283
23.5010342068
33.1881917318
31.5468817817
37.4097479312
29.725075539
35.0843777127
40.3319464789
35.0399373372
38.5298563639
37.5260382758
32.9763929579
31.9100511339
37.9517381456
33.0052094676
40.5205078125
39.986477322
34.9763895671
36.5472208659
33.3465304905
36.2262244591
43.0732828776
39.5097384983
33.068037245
29.9090270996
29.5145874023
44.7478942871
31.3812561035
40.014594184
38.8729044596
34.7829691569
36.3524271647
42.4062670133
36.8777669271
36.4069841292
44.2618035211
55.0801968045
39.6336669922
48.9659525553
42.587483724
46.0246514214
38.1874864366
51.7118089464
44.0152655707
36.047905816
37.8330928789
38.9986097548
43.8878546821
48.9430575901
46.3840332031
46.6944478353
50.6378512912
50.533441311
55.9506937663
49.689239502
59.0649278429
53.2104119195
62.306233724
53.4972195095
65.7822943793
70.0314685315
54.4479166667
13.0540069686
48.3211805556
33.2291666667
34.1840277778
39.0
30.984375
39.5296167247
24.8819444444
30.5208333333
23.1197967529
20.3062371148
32.7975599501
24.792654611
24.1961771647
27.0131785075
33.9313548018
34.5663180881
30.6378479004
nan
17.2829861111
17.7951388889
15.3541666667
21.3472222222
11.7986111111
21.3368055556
10.8472222222
20.7534722222
16.2586805556
20.8628472222
19.8784722222
19.3038194444
17.6163194444
20.0277777778
20.9461805556
18.3298611111
22.9739583333
33.0716783217
37.2881944444
17.53125
20.5729166667
3.3275261324
15.0277777778
28.5625
20.5729166667
3.31597222222
nan
29.5503472222
32.6805555556
33.1097560976
12.9652777778
41.1614583333
8.1875
32.9409722222
37.6423611111
nan
nan
43.9930555556
12.6006944444
38.1888474521
13.3038194444
21.9444042286
29.8392367893
23.8409695095
25.5954861111
16.1288197835
25.2795138889
45.2395799425
20.3125
nan
31.7291666667
14.3489583333
nan
37.6652798123
39.9298604329
35.7760213216
38.073961046
32.1839714449
29.1881567128
25.1420118544
23.8458285862
31.9763895671
34.7242974175
38.3458021471
35.4220320695
44.0583326552
40.7659742567
49.9128553602
29.2864583333
46.5642293294
25.2149386936
59.6527777778
65.8072916667
32.8815850152
32.8491296004
35.9642401801
34.7506815592
33.9145812988
39.5128377279
31.4395853678
34.8774346246
28.8444021799
29.3121507433
28.6708340115
27.2562425401
29.8631964789
32.6281263563
30.1496582031
29.0732489692
34.8513895671
30.8979119195
27.7767164442
28.2774353027
41.87012736
35.7416687012
56.5173475477
44.7388882107
29.3131917318
34.1753472222
28.4746500651
32.2171349159
nan
18.4930555556
16.1493055556
12.59375
18.9930555556
12.59375
18.9930555556
12.59375
18.9930555556
12.59375
19.0592334495
13.3020833333
13.4826388889
13.3020833333
13.4826388889
26.8645833333
20.6041666667
26.8645833333
20.6041666667
0.0
0.0
0.0
0.0
0.0
0.0
nan
nan
58.4569430881
43.8191019694
20.5885416667
18.8292682927
40.2361111111
31.9270833333
41.1117892795
50.1576402452
57.8916490343
48.8371480306
38.3826327854
34.9741381665
29.4392055935
39.3357103136
7.38888888889
8.22569444444
0.0
0.0
45.2725694444
31.0208333333
44.4881863064
48.1986321343
nan
48.563873291
50.7572869195
74.7586941189
75.1208428277
0.0
0.0
2.41493055556
0.0
71.4808824327
70.2197943793
72.1306620209
70.0836168881
62.6041531033
71.3170166016
60.4041748047
71.1781277127
64.9086778429
65.0892401801
65.3125
63.8349677666
50.4795159234
50.6590338813
48.435418023
48.5888875326
55.301038954
51.7597249349
51.6683959961
52.2621392144
57.5920138889
52.8798624674
0.0
5.24652777778
0.0
0.0
0.0
0.239583333333
0.0
0.291666666667
3.47916666667
nan
44.5572916667
51.9461805556
42.1468531469
39.3246527778
37.3350694444
38.5069444444
19.3812425401
34.2867499457
29.6773952908
36.7455799488
26.6423611111
23.2552083333
21.7864583333
34.1215277778
37.8229166667
37.7100694444
35.5138888889
31.7621527778
33.9565972222
22.2447916667
33.8194444444
24.6319444444
23.7864583333
26.5069444444
21.0833333333
36.1951219512
30.9471740723
34.3159077962
36.8819444444
35.9493006993
37.9236111111
36.6753472222
38.1875
42.734375
33.3704257541
34.6246032715
22.2923651801
28.9711642795
27.187407807
30.5284627279
35.890625
31.3923611111
21.0833333333
36.2569444444
34.6006944444
36.2090592334
16.2440999349
14.5177171495
23.7065972222
28.9253472222
37.296875
32.4618055556
nan
0.0
3.41666666667
0.0
3.41666666667
0.0
0.0
0.0
0.0
0.0
0.0
0.0
3.41666666667
22.0850694444
19.7361111111
18.6736111111
21.8888888889
12.0642361111
12.5975609756
0.0
0.0
10.9045138889
10.5659722222
14.4305555556
16.7534722222
0.0
0.0
16.1354166667
14.3993055556
8.55902777778
13.3916083916
21.393728223
18.0069444444
17.3871527778
18.5347222222
0.0
0.0
14.2604166667
6.1875
13.8784722222
11.1319444444
18.9097222222
7.49652777778
15.8304195804
13.5347222222
16.3368055556
12.5486111111
0.0
0.0
0.0
0.0
0.0
0.0
18.6840277778
20.3715277778
0.0
0.0
0.0
0.0
17.5607638889
19.1631944444
0.0
0.0
0.0
0.0
14.6805555556
20.6059027778
0.0
0.0
17.5729166667
23.4513888889
0.0
0.0
15.1122807018
21.5260416667
0.0
0.0
15.7569444444
20.1777003484
0.0
0.0
17.3854166667
12.546875
0.0
0.0
0.642361111111
12.5729166667
13.1979166667
0.0
16.3333333333
