27.9746670193
24.6812608507
28.8364630805
29.2298753526
26.7565951877
27.0423736572
24.4829932319
25.8791707357
17.9663170709
21.4451395671
25.895463578
26.5420108371
32.7465311686
17.7805548774
17.296875
29.4288126628
23.6861046685
40.67876538
22.8836788601
31.7385491265
nan
30.4941101074
34.9034762912
33.372829105
35.5666673448
32.1017456055
32.808336046
30.5308905707
28.2038235135
32.0729031033
40.1999884711
32.225338406
34.2052205404
31.7645907932
31.1836717394
38.4989723976
33.3225809733
30.9447699653
31.0229187012
25.654510498
31.5906236437
38.5472378201
44.2263997396
47.3847351074
42.2979128103
34.6159803602
36.8027615017
40.3249986437
24.6798570421
37.8916659885
31.6666564941
36.6423543294
37.4052258003
34.6014065213
39.4024319119
30.2086758084
30.4343838162
32.1923455132
26.0524580214
28.8326483832
32.6247448007
35.2350633409
34.1552022298
27.7458377414
26.9993014865
26.7795342339
26.4317171848
26.1944613987
27.6211971707
36.5689752559
32.2277696398
nan
nan
28.2131856283
28.6274278429
32.2219757186
37.2916768392
35.1833326552
31.5857611762
34.9531182183
30.8052096897
35.6267123752
35.2536510507
47.3930426704
46.3395962185
44.021162245
47.1087080793
44.1031392415
41.0222303602
46.9385477702
49.078833686
49.1218702528
44.9194403754
35.2048671603
37.0236036513
50.9451395671
29.1270887587
39.6298794217
42.7454969618
33.2739461263
37.4729173448
20.9107632107
22.7961849637
33.3055657281
28.3934122721
33.3055623372
29.5125054253
34.3376150098
35.8173522949
39.4496595595
43.1638861762
31.6614617242
30.4048631456
30.371887207
29.2631937663
32.2076382107
31.1038174099
37.2278759255
29.1006982252
34.4593743218
40.0440877279
34.782989502
38.0718655056
36.5506998698
32.8454861111
30.3124966092
37.6982828776
31.7707323878
39.9180433485
38.8319227431
33.7486131456
35.6125149197
31.9996541341
38.3613349303
42.5027737088
38.7861124674
31.4486083984
36.4218716092
34.1659579807
43.1243014865
38.0320904562
38.7840304905
37.0701361762
34.5986260308
34.7486233181
39.8585243358
36.3204752604
35.9146205357
42.6548461914
53.5086534288
39.111114502
47.7722303602
39.668762207
44.3326517741
35.3263787164
50.1451483832
41.726026747
37.4420166016
36.3045377831
38.4229159885
44.1611090766
47.9395751953
45.8309122721
46.3510335286
47.9517313639
51.2170792955
54.7295227051
47.9940897624
57.0913018121
50.7423604329
58.9228922526
51.4308912489
60.5597330729
66.340755662
53.246866862
51.4094348868
46.2173631456
31.5201416016
33.8711819119
37.0360989041
30.8795267741
36.1477399554
27.4906294081
31.3215298123
26.9572906494
27.6093766954
31.737830268
26.1334675114
26.5520935059
31.9270867242
39.1736178928
33.1177062988
29.9562547472
nan
24.6378495958
24.5822906494
22.4857703315
28.334370931
25.7975769043
28.8034735786
23.9433966743
28.0614624023
25.1555514865
28.4611070421
27.6616789389
25.9948001438
26.9197947184
26.9324147294
28.6979200575
26.4906344944
28.8701375326
36.0167240581
36.2878451877
26.5427212185
25.9725579156
25.6118487315
35.5885314941
30.5100640191
25.972559611
28.5211859809
nan
31.096862793
29.6472337511
33.6621534559
30.1874932183
36.744784885
25.9520772298
25.3017255995
30.8059149848
nan
nan
44.2218797472
43.6340433757
36.5407536204
46.7766927083
40.6424930586
34.0538262261
33.2211778429
28.9979248047
33.7447781033
34.738881429
39.2812669542
32.769788954
nan
30.2010260688
24.5183987088
nan
36.3520643446
40.1930474175
35.9069417318
37.1892496745
32.5508765244
29.701042574
28.6347384983
26.6368103027
30.5038180881
32.8826327854
38.5599343968
35.5456568489
43.2465379503
39.705549452
48.1569078234
34.5618082682
43.177090115
28.9583502875
62.9208713108
64.2045220269
31.9850667318
31.7898995536
35.0503336589
34.2500101725
33.6360914442
37.2111036513
29.8072916667
33.6687588162
28.5425144953
30.9204813639
29.1083340115
27.5742984348
29.0760362413
31.720831977
29.0163167318
29.3802218967
33.1062588162
30.1649271647
27.4402754042
28.1739637587
41.1774258084
35.132297092
54.3909776476
45.0680474175
32.5725674099
35.8770684136
30.3312479655
34.1951219512
nan
26.1149224175
23.3926917182
24.3531392415
24.7555626763
24.3545277913
24.7566053602
24.3524424235
24.7593807644
24.3524424235
24.7562544081
24.9781188965
22.5684034559
24.9774237739
22.567360772
30.7656283908
26.7576361762
30.7659742567
26.7559000651
4.21114974072
0.517361111111
11.9236111111
1.0
7.75
4.4291665819
nan
nan
56.1381903754
44.8020867242
26.1461893717
25.2840321859
37.5757039388
31.5534667969
42.3604193793
46.6090359158
55.5479227702
48.6447923448
38.5347188314
35.7205500054
34.4482557509
41.5607740614
36.9038187663
40.373260498
31.268415663
31.268415663
46.0468851725
29.4777730306
41.752102322
48.3920254178
nan
54.6899226916
53.0971917046
71.3194376628
72.1069810655
25.2645789252
27.5496504042
35.328467475
29.0729200575
70.6861436632
68.9867892795
70.1571210801
68.2107877831
61.0951538086
69.1777547201
60.93230523
69.9531114366
60.9048868815
60.6794976128
60.9531385634
59.7167152112
46.6788262261
46.4354146322
44.712161594
43.3212042914
48.919084337
46.2461853027
47.4055311415
46.5392354329
52.1413099501
47.6763916016
25.5381978353
36.4423421224
26.7427096897
36.4850667318
54.3517354329
17.5857662625
0.0833333333333
6.19062508477
47.6333346897
nan
43.4173448351
48.4739481608
39.5313622877
38.9940931532
35.8836737739
38.3204583062
25.7166714138
33.1878458659
33.810075548
36.6651581555
27.4545118544
29.2677137587
27.8993089464
31.460401747
35.4993048774
37.1867947049
38.6381869846
32.2791849772
36.9166700575
29.2201470269
34.0899285211
29.5291612413
28.2708384196
29.9451327854
25.6715545654
33.1320605128
29.3180541992
31.7104187012
35.3815951877
37.9937289035
34.8798692491
35.7218729655
35.8135409885
37.2198045519
34.0503404405
33.837826199
26.095489502
29.6322937012
25.6881499074
28.0267384847
33.2079874674
32.5076327854
25.6528082954
33.1552090115
32.4770948622
35.7522729747
23.1816101074
22.3628472222
28.5816073947
30.3659701877
35.8805609809
30.6031222873
nan
35.5961828996
30.8770785862
44.7701449924
31.3107469347
0.486111111111
0.0729166666667
0.704861111111
1.39583333333
0.788194444444
0.121527777778
41.4416775174
31.1527676053
55.320827908
48.8191019694
43.2517428928
53.9454854329
36.4972229004
29.970489502
0.409722222222
0.0
32.2069532606
29.6149224175
49.1170179579
35.8951348199
0.0
0.0
39.6316155328
30.9878268772
36.5295071072
31.4881451437
49.5874516823
43.0243157281
41.8625217014
41.6243116591
0.0
0.0
33.2188044425
35.180911594
36.7489522298
35.3847249349
44.4475606283
30.9361131456
37.0780433362
38.022922092
37.8551974826
32.7805582682
0.0
0.0
0.452961672474
0.100694444444
2.45833333333
0.0902777777778
43.1812472873
47.5933973524
0.274305555556
1.22569444444
0.204861111111
0.146341463415
42.7663370768
44.5791727702
0.0
0.0
0.0
0.0
41.2409566243
45.7336900499
0.152777777778
0.104166666667
45.6586981879
49.4107632107
0.0
0.0
44.4371507433
47.2364603678
0.190972222222
0.0
42.9253641764
46.9725884332
0.138888888889
0.15625
44.7666490343
48.6347215441
0.0
0.0
40.3993259006
33.6961805556
27.4843817817
0.0
34.2486165365
