26.9159884983
24.7840372721
28.0239681668
29.3253580729
25.8444519043
26.183690389
23.6333431668
24.9958343506
18.3006896973
21.4840291341
25.9634078288
26.3291676839
31.9513753255
17.736114502
17.7986128065
31.0809020996
23.4496561686
41.8482699924
22.5989515516
32.4382120768
nan
29.4697909885
33.9781256782
31.7780446973
34.4503445095
31.3236083984
32.1239624023
29.3642374674
27.6947903103
31.5607706706
39.3732672797
31.1440904405
33.9100782606
31.787838406
31.1420118544
38.9666510688
33.3340318468
31.2586636013
30.8993157281
25.5930565728
32.2958340115
38.745493571
45.0413343641
45.7513766819
41.4832657339
33.8652818468
36.1881849501
39.3541768392
24.3927188449
38.462161594
31.893758138
36.8020629883
37.1125047472
34.4097222222
39.2638990614
30.1243184408
31.0559082031
31.584370931
25.8910047743
28.9173583984
32.5191671657
34.0041741265
33.6069471571
27.4756961399
26.4909667969
26.5229373508
27.1020914714
24.8861083984
27.1875135634
36.3592320884
31.4368014865
nan
nan
28.1097022163
27.9277835422
31.5184326172
37.7854071723
35.3826361762
31.4059007433
35.0690951877
30.4368184408
35.0413140191
32.469780816
42.8281182183
45.9652676053
43.6225619846
42.426465184
44.6031256782
37.9951477051
45.6885681152
48.9566277398
47.6506991916
42.3427022298
35.5197923448
35.7902696398
51.0270928277
29.0034823947
40.1576300727
41.7239515516
33.5430603027
36.8972032335
20.5940873888
22.3906182183
33.4576348199
28.0989600288
33.4576348199
29.1475626628
33.4413282606
34.1895785862
38.4250047472
41.4347296821
31.7996588813
30.3590291341
30.7673543294
29.1041734484
31.3961791992
30.0170050727
35.7972016551
29.5721295187
33.3041619195
38.2187466092
33.7524278429
36.5208299425
34.8767293294
31.8520880805
29.6003655328
36.1958245171
30.9602807872
38.3222317166
37.2687513563
32.709370931
34.0322977702
30.905541314
37.0784606934
42.2277933757
37.4232584635
32.8131849501
36.1965230306
33.2822909885
42.9555664063
37.3470267585
39.0704922146
36.1319580078
34.7086791992
33.8576422797
38.9902309723
35.2406107585
35.1006978353
41.4597201877
52.0156419542
38.9944593641
46.5885416667
40.0065985786
43.2114698622
35.6097276476
48.6583150228
41.5204874674
35.8895907932
36.391298726
38.1308898926
44.6434190538
47.6236063639
44.6461690267
46.2222357856
49.3080071343
50.0557695449
55.1507025825
47.9430541992
57.1434258355
51.2986009386
59.2684190538
51.3625013563
61.5537990994
67.2315945095
51.7340291341
51.3703962054
46.4451599121
30.4329867893
33.2107679579
35.91112264
30.3170098199
35.6599316747
27.4156222873
30.4527791341
26.6340230306
27.2125091553
30.8999905056
26.129163954
26.0725724962
31.7204691569
38.8305596246
32.9739549425
29.1881883409
nan
24.9010433621
23.9375084771
22.9861161974
27.4256981744
25.995139228
28.5708346897
24.5323028564
28.0013868544
25.6816033257
29.3149380154
28.5989696755
27.4683973524
28.0892384847
28.4679435703
28.0624932183
27.9163174099
28.5611063639
35.1781277127
34.3583272298
24.9434068468
26.7402784559
25.1362202608
35.287516276
29.7979159885
26.7388899061
26.1791670058
nan
29.7288343641
29.08299764
32.8076409234
28.3826463487
36.0513916016
25.649295383
25.0531294081
29.829864502
nan
nan
44.2718675401
43.303120931
36.8804816801
45.1923489041
38.4697943793
33.0104064941
32.0663146973
28.1649271647
33.2114393446
33.4128282335
39.054151747
29.307993571
nan
29.0301954481
24.230211046
nan
36.271870931
40.8746609158
36.8826497396
36.9847310384
31.8832718587
29.3885017422
29.0760362413
27.0322859022
29.69825236
32.841668023
36.3076375326
33.4461873372
41.4156121148
38.2743191189
49.2180616591
31.8659532335
44.8357747396
27.3715294732
60.0288357205
62.080206977
31.0767211914
31.8188119284
34.1277737088
33.4944390191
33.0982598199
37.1371663411
29.9284735786
32.6552157932
28.4388936361
30.5368008084
28.2527804905
27.4496561686
28.6503363715
32.7743157281
28.081258138
28.0197957357
32.31737264
29.8090311686
26.8586815728
28.1573028564
40.2649332682
34.3590257433
51.4746670193
43.2433980306
31.8027920193
35.5156148275
29.8795199924
33.5496588813
nan
25.2062310113
23.0937533908
23.5218878852
26.0680609809
23.5305701362
26.0680609809
23.5246666802
26.0684068468
23.5246666802
26.0680609809
24.6882035997
22.5336761475
24.6878577338
22.5291629367
30.2975497776
24.4572821723
30.2975497776
24.4576280382
6.8520834181
1.20138888889
13.5177086724
1.89337987601
6.43888897366
4.78472222222
nan
nan
52.9388970269
43.0006951226
25.9586978488
25.3871663411
36.9902784559
31.4107632107
41.2965494792
46.362165663
52.5881890191
46.6468641493
37.6333584256
34.9364725749
34.412516276
41.425008138
36.709370931
40.0475769043
31.736114502
31.736114502
44.6003553602
30.1246473524
42.3475579156
46.9065856934
nan
51.8299556294
52.9051920573
70.9722357856
72.2468804253
26.9041646322
28.6468777127
37.1826443142
31.6163194444
69.5073106554
70.2291870117
70.1424828506
69.339387794
60.0562269423
68.2569308811
60.5166829427
68.3374972873
62.6423882378
60.7590196398
61.880581326
59.4920247396
46.5312466092
48.4819471571
44.0822991265
44.5899556478
47.6399332682
47.376030816
47.2538113064
47.1343756782
53.3927205404
49.2277798123
23.3249986437
34.7989535862
25.6198001438
34.8100687663
56.091668023
19.3354203966
0.0972222222222
8.6569442749
47.9288126628
nan
41.7027689616
47.6579793294
39.0440979004
37.5850830078
33.673956977
36.2191026476
24.9847361247
32.4492967394
33.6982659234
35.5553952526
26.339597914
27.7149251302
27.2468753391
30.9507141113
34.9430643717
35.8225809733
38.2048577203
30.9944525825
35.6225619846
28.6760525174
32.8889024523
28.4333343506
27.1277838813
28.8663262261
25.7378607856
33.0122053299
28.5034654405
31.0413072374
35.4954901801
36.4184027778
34.4534742567
35.2371453179
34.0968763563
35.8336791992
33.4236280653
32.6166754829
25.9163191054
29.6645846897
25.3322940403
28.3000098334
34.2951490614
31.9284701877
25.6993187798
33.0038316515
33.0590277778
35.5414579704
23.5607554118
22.1100701226
28.3593834771
30.8697747125
36.7843661838
30.2131991916
nan
34.1125394708
30.8989562988
43.1038140191
31.2065972222
0.875
0.0
1.2173611323
0.555555555556
1.10416666667
0.107638888889
40.1392381456
31.0954759386
53.8854132758
50.6128607856
44.789920383
52.2920125326
34.9635620117
31.5527716743
0.402777777778
0.0
31.8586764865
29.8277859158
47.5798543294
36.2752511161
0.246527777778
0.0
38.6947903103
30.8100653754
35.7951287164
32.014594184
48.4857584635
44.3631863064
41.1892564562
42.9642333984
0.0
0.0
32.3711954753
36.9517347548
36.1913045247
36.7989637587
43.9121534559
32.4312574599
37.2909749349
39.6784701877
37.1850823296
34.5826382107
0.0
0.0
0.0
0.0
1.72916666667
0.0
44.4826219347
46.446170383
0.545138888889
0.336805555556
0.0659722222222
0.0972222222222
44.0024108887
43.4239400228
0.0
0.0
0.0
0.0
39.1826510959
45.1704813639
0.590277777778
0.173611111111
44.1819593641
47.5076293945
0.0
0.0
43.3233510725
46.5534701877
0.0
0.0
42.1083407932
47.161787245
0.0
0.0
44.4052056207
47.4815877279
0.0
0.0868055555556
39.7479214138
33.0868123372
27.4628516303
0.0
35.0545213487
