27.3701544868
24.5743136936
28.5527886285
29.3566148546
26.7256961399
27.2072974311
24.5684102376
25.6708390978
25.9631974962
25.3239593506
30.3361138238
31.748969184
32.0218811035
17.4493035211
18.2135450575
36.2992960612
25.132297092
53.7947998047
22.8187527127
35.537838406
nan
28.7795037164
33.7104254829
31.6996595595
34.5614624023
30.9937472873
32.2493048774
30.0916714138
27.7937554253
31.5159708659
39.8715311686
31.8777703179
34.1124844021
32.5104268392
30.3572964138
38.0225524902
34.2239718967
30.948618571
31.0725640191
26.0083329942
31.9760437012
39.6645914714
45.8972540961
46.738881429
43.1763983832
33.9722290039
36.0114576552
39.5621473524
25.0708397759
37.8315938314
32.1659613715
36.5840216743
37.5972188314
34.2555541992
39.637834337
30.2110968696
30.7569444444
30.6385362413
25.0642428928
27.6520826552
30.4263949924
32.3607584635
32.5597262912
26.8680674235
25.72118632
26.4718865289
27.2781524658
25.0465410021
27.5316060384
35.8100619846
31.3899298774
nan
nan
27.6152648926
28.6458435059
31.6739501953
36.5850694444
33.9784579807
30.1093716092
34.6993035211
30.1892462836
35.1097106934
33.1597290039
43.3930833605
46.0010409885
43.6347181532
43.1455112033
43.6735975477
39.4538099501
44.6958346897
48.6895955404
47.6579962836
44.1600613064
34.8506910536
36.001051161
50.805223253
28.6514010959
40.4590115017
41.6361016168
32.7295091417
36.881245931
20.4461805556
22.2551981608
33.3920186361
27.6010403103
33.3920220269
28.6229248047
33.7402716743
34.6920166016
39.4416775174
40.5774400499
31.7930670844
30.147922092
30.2815789117
28.8725789388
30.8868035211
30.310075548
36.6715291341
29.5975646973
33.2267456055
39.3496568468
33.378133138
37.1913180881
36.4951443142
31.5628662109
30.5010545519
36.9569396973
31.8274298774
39.8902926975
38.8930528429
33.7670355903
35.6190931532
31.8576456706
37.4725680881
42.6552022298
38.3121371799
32.7458258735
36.33299764
33.252081977
41.8569573296
37.1663038466
37.7579854329
36.0739678277
33.3607618544
34.0698106554
38.2753228082
34.9500054253
34.5447998047
40.7996453179
52.7420077854
38.9117804633
46.430202908
39.6562567817
42.926038954
35.6611124674
49.0215148926
41.2121548123
35.6159600152
35.8319430881
38.3579915365
44.5246378581
48.3235914442
46.3180643717
46.9798583984
49.5882025825
50.8378329807
54.6798536513
48.1389058431
58.9166531033
51.1649509006
60.0520833333
51.3993055556
62.3472357856
67.0500488281
51.1059095595
50.8649359809
46.4753485786
30.2913140191
33.6715359158
35.9225769043
30.6055535211
35.8934054905
27.4812384711
30.462161594
26.4902750651
27.5923665365
31.6170179579
25.6552124023
26.2138994005
31.6520758735
39.0069512261
32.9632025825
29.5135464138
nan
24.3069458008
24.3173556858
22.3732689752
27.678475274
25.6402757433
28.951043023
23.8156348334
28.7829996745
25.8687574599
28.4798719618
28.7506951226
26.0072903103
28.0704956055
27.3024224175
28.5833265516
28.0968678792
27.5437333849
33.3326348199
36.5857679579
25.6663174099
26.8989613851
25.0062391493
35.8121744792
29.9027709961
26.8979203966
25.839231703
nan
31.2850613064
29.6822984484
33.2756958008
28.3149464925
35.8558858236
25.1728905572
25.3576490614
30.9736056858
nan
nan
44.9829711914
40.974995931
36.8149142795
44.4986199273
39.12012736
33.0038316515
33.6201477051
28.7944437663
34.1451416016
34.6149427626
40.1840345595
30.3312547472
nan
29.3472222222
24.3284640842
nan
36.4190979004
40.0642259386
35.9833306207
37.1420118544
32.5010443793
29.8631964789
29.0409783257
27.1597306993
29.9374932183
32.1722276476
37.2076517741
33.9777730306
41.7479349772
38.6652730306
48.3569539388
31.1295030382
43.3149176704
26.8062608507
62.4680582682
62.6270955404
31.4593878852
32.2395799425
35.1229383681
34.7926974826
33.6788228353
37.0888807509
30.2288208008
34.0913187663
28.7649298774
30.6666700575
28.659383138
27.6468743218
29.362508138
31.8558858236
29.2215237088
28.9795260959
33.3916592068
30.1326327854
26.7295176188
27.7916768392
40.6402926975
35.6395975749
52.9215291341
44.9941067166
31.8197835286
35.8312479655
30.5996365017
33.8288201226
nan
24.8677147759
22.9840291341
23.2760433621
26.5416683621
23.2763926188
26.5416683621
23.2760450575
26.5420159234
23.2795172797
26.5416683621
25.05486891
22.431265937
25.0507015652
22.4201558431
31.0930480957
24.5142432319
31.0927022298
24.5118119982
5.7194442749
0.996527777778
15.3253479004
1.92569435967
8.64583333333
5.51909722222
nan
nan
54.5631917318
45.0006951226
26.6180555556
25.6316036648
36.6819525825
31.1100701226
39.7760382758
47.048977322
54.2670186361
48.2527838813
38.1715257433
35.9288228353
33.542711046
40.3555569119
36.5201449924
39.9482489692
32.1187405056
32.1187405056
44.8482530382
28.6586880154
41.9527757433
47.5173407661
nan
54.0906236437
52.5350680881
71.3885769314
70.1392483181
31.1215209961
37.3177083333
44.8031277127
44.7579786513
66.8878580729
68.9236043294
68.2228868273
70.783331977
57.3523966471
65.3885498047
57.0892266168
64.1114162869
59.2520955404
62.205227322
59.4645792643
61.0149264865
45.6208292643
47.6305474175
43.5222303602
44.4229092068
47.5538330078
47.6677042643
46.4555562337
47.7437371148
51.7784864638
48.8489685059
53.4361097548
35.6413269043
25.6989593506
51.7517462836
64.7024332682
25.7496439616
0.0798611111111
17.9916687012
48.1284790039
nan
43.2006903754
48.2663235135
38.4499986437
37.9246554905
35.2711724175
37.0079854329
25.6378614638
33.1170179579
33.6854281955
36.5680440267
26.7513987223
28.970489502
26.3927256266
31.3569403754
34.3534681532
36.2559000651
37.9756808811
31.0010545519
35.5656263563
29.2333407932
32.4871520996
28.4093865289
27.3809119331
28.6600646973
25.0239749485
33.5402594672
28.1312611898
30.7354125977
34.9503479004
35.8947686089
34.1076287164
34.5638834635
33.9607713487
35.3784857856
33.7718878852
33.2954949273
25.801393297
30.6031188965
25.0232730442
28.5899285211
32.5111219618
32.2128601074
25.1472371419
33.5447692871
31.720852322
35.5270826552
23.1607632107
22.9621463352
28.1527726915
29.5215250651
35.2340291341
30.7791748047
nan
38.3277893066
32.1347147624
43.3871561686
32.2767300076
9.1875
0.743055555556
5.83680555556
6.10416666667
0.295138888889
0.0
43.810760498
32.1607530382
54.5791490343
50.2965257433
45.295135498
53.5173678928
36.301038954
31.4472249349
0.295138888889
0.0
31.7204962836
32.2868109809
46.8312445747
37.5888943142
0.0
0.0763888888889
37.6562466092
33.2038167318
35.5965270996
34.5683932834
48.4444376628
46.2357584635
41.3093838162
46.7336697049
0.0
0.0
30.7670186361
38.0913289388
34.5802205404
38.5645853678
41.6645846897
34.7743123372
35.0211724175
41.2052171495
35.539577908
37.2000088162
0.0
0.0
0.159722222222
0.100694444444
50.3100721571
0.0
45.4552035862
45.6489562988
0.388888888889
2.61805555556
0.104166666667
0.0
44.2520650228
44.5427246094
0.0
0.0
0.0
0.0
39.4739481608
44.5694410536
0.826388888889
0.111111111111
43.8173692491
46.8885260688
0.0
0.0
43.0868191189
45.4861009386
2.91666666667
0.0
41.5746629503
45.6697862413
7.65625
0.0
43.0462002224
45.7923583984
0.0
0.729166666667
39.8586934408
31.2382066515
35.1197713216
0.0
40.0895894368
