27.41112264
24.4680667453
28.4506971571
29.0031297472
26.3399319119
27.5302157932
24.2520853678
25.9298621284
24.3833346897
25.6187506782
31.0041707357
31.8288133409
31.9927062988
17.3020816379
23.7996690538
20.1319410536
28.5166727702
26.4412577169
16.8736063639
28.0298563639
nan
30.4371405707
33.6600680881
32.2250027127
34.3520745171
31.3965420193
32.4183892144
30.4489508735
27.8993021647
30.752081977
40.0826416016
31.6208462185
33.5708245171
31.4111090766
30.8944498698
38.7566208206
33.281592475
31.2107611762
31.2999979655
25.510075887
31.1909620497
39.1183912489
45.3021002875
48.2184109158
42.5482584635
34.8343641493
36.9027811686
39.8597106934
24.0003645155
37.862487793
32.5611165365
36.802090115
37.2594412424
34.4448004829
39.3531222873
30.3354187012
30.3291693793
30.1284722222
25.1500091553
28.4871622721
29.4711846246
31.6454942491
32.2493150499
27.1343739827
26.7586805556
26.5923665365
26.6493047968
23.9566175673
26.9402872721
34.9843648275
31.6555548774
nan
nan
27.8520796034
27.6715426975
31.4650452087
37.2843899197
34.5555623372
30.8097262912
35.016333686
30.9975721571
34.347913954
33.0471993826
44.4913330078
44.7763977051
42.8020833333
44.0562642415
43.7184041341
39.5743001302
45.374657525
48.9618123372
47.3434109158
44.2305603027
35.5164171766
35.5468783908
50.0711873372
28.4805535211
39.194088406
41.4135674371
31.9701300727
37.2784898546
18.7500118679
20.1364559597
33.6565992567
27.4926961263
33.6565958659
28.7527703179
34.3192164281
34.1663208008
40.4923502604
39.6930575901
32.3947855632
29.8767361111
30.8524407281
28.7097337511
30.6937357585
31.242723253
36.5565965441
29.2902764214
32.9836798774
39.3204820421
33.5055541992
37.3208414714
35.6149258084
31.4041612413
30.0857713487
36.4906175401
31.5781182183
39.0687391493
38.258327908
33.6149291992
34.8027886285
31.624657525
36.2185451267
42.2555474175
37.7152913411
31.4319458008
36.908674452
35.2989603678
42.5201348199
35.1565823025
38.903459337
37.0479227702
34.7055630154
35.2697855632
39.3472188314
36.3149346246
35.9150390625
42.139960395
52.9420166016
39.5437486437
47.9899325901
40.2479146322
44.4225531684
35.994076199
49.3093770345
41.6885477702
36.4389004178
36.7944471571
39.2944437663
45.9725714789
49.1975640191
45.1156277127
46.6753438314
49.4399447971
50.0940856934
55.3958265516
47.5180460612
58.6222127279
50.3510301378
60.215637207
50.9670071072
63.4656236437
70.6881351071
51.7409566243
46.3951280382
45.6180725098
30.7954881456
33.6979166667
36.1993136936
30.5767381456
35.6458435059
27.2746649848
29.7045288086
26.3034735786
27.1131913927
31.738538954
25.6587426246
25.8305630154
31.3569369846
38.8197869195
32.29168023
28.8663262261
nan
23.3649410672
23.2815958659
21.6239657932
27.209359063
24.0184071859
26.3607669406
22.9593895806
25.785059611
24.7357669406
28.8093702528
27.9784749349
25.3767293294
27.6576453315
25.8815934923
28.9909701877
27.4732649061
27.5392405192
34.3583745356
35.7326321072
24.5406205919
26.1684044732
21.5753479004
37.0791659885
28.9413180881
26.1684044732
22.4312438965
nan
29.9958326552
30.6399264865
33.2243109809
28.2878451877
36.3937717014
24.7756958008
24.9364522298
30.857293023
nan
nan
45.0527886285
41.8510403103
37.1069471571
44.2638821072
37.1381118881
34.4294976128
31.4270731608
29.8788214789
30.9243096246
36.0302022298
39.7645907932
31.0982530382
nan
29.4711642795
22.860760159
nan
35.4614698622
39.6163092719
35.9572821723
36.4763861762
31.6965332031
29.033331977
28.6131998698
26.7840304905
29.2013888889
32.5524359809
37.0007033982
33.6458014642
41.1364542643
38.2072923448
49.7968851725
31.8027682834
44.5694376628
28.231950548
61.8225572374
62.266655816
32.660413954
32.6881815592
34.3902655707
34.8937513563
33.1312425401
38.188530816
29.1031324599
32.9222208659
28.758034446
30.6628451877
28.845489502
27.9482591417
29.044084337
32.5451456706
28.7333374023
28.5319519043
31.8211737739
28.8583374023
25.4593692356
27.3204871284
40.4999796549
35.1340162489
53.8117947049
44.9440816243
30.2836642795
35.8860948351
29.0288119846
33.8650465745
nan
24.8517184787
22.4833323161
21.8333316379
25.9329969618
21.8381924099
25.9329969618
21.8329840766
25.9329969618
21.8347201877
25.9329969618
24.845135159
22.6270853678
24.845135159
22.6267378065
31.3423800998
25.5288204617
31.3409932454
25.5288187663
5.13776232313
0.677083333333
11.3833329942
1.01388888889
5.77083333333
4.17569435967
nan
nan
56.4305521647
44.3659600152
26.4423675537
25.0611080594
36.4819539388
31.2517564562
39.4829745822
47.0857679579
55.9437493218
48.6833462185
38.5058932834
35.6545393083
33.7003411187
41.546532525
35.1205003526
38.1434088813
24.9791615804
24.9774254693
44.6996493869
29.2003479004
42.1482408312
47.2114630805
nan
56.0426805284
52.8322957357
70.8507283529
72.108323839
19.9479132758
27.2909732395
28.5284729004
21.0309041341
66.381266276
68.5795152452
68.2395968967
70.0156453451
57.4194539388
65.5680609809
58.0048489041
64.1684027778
59.7190958659
62.6357421875
59.8201361762
61.7650650131
47.0878499349
47.5430704753
43.956258138
45.4135369195
49.3742879232
48.5954962836
47.0166625977
47.5857713487
52.2830064562
50.7506951226
44.2152777778
33.7239515516
23.5576375326
49.7187635634
40.4315965441
18.1076388889
0.0416666666667
4.7961807251
38.3013916016
nan
42.6343655056
47.7513902452
39.2909063593
36.9715440538
34.8680419922
37.0656094021
24.0236002604
32.7197943793
33.798956977
35.9472317166
27.0128512912
28.325012207
26.7750091553
31.7250027127
35.4135403103
35.3715108236
37.7892320421
30.7527669271
35.0454779731
28.8336927626
31.631266276
27.373272366
26.4031253391
28.6489562988
24.1038208008
32.9007025825
28.9611104329
31.0562506782
33.8437432183
35.3136302174
32.9993014865
33.2423536513
33.6305406359
34.4361199273
32.9079928928
32.4416537815
26.3402811686
31.0177035862
25.3849602546
28.2368079291
33.1406351725
31.6152750651
24.0652804905
32.9267408583
32.4427286784
34.6920199924
22.595489502
22.1038157145
28.0416581896
29.8874986437
36.060760498
30.4541592068
nan
31.0256822374
25.6277872721
36.0475667318
26.307993571
1.40972222222
0.0
0.836805555556
0.381944444444
0.0902777777778
0.0
37.9517279731
25.8149397108
55.2076483832
48.471174452
41.182993571
54.1826510959
36.8784756131
30.2149285211
1.90972222222
4.15625
32.6961805556
29.6979132758
48.6423611111
36.786752096
0.0
4.25347222222
40.160434299
32.9895731608
35.5663214789
33.7762374344
50.0302124023
43.6347079807
42.9350585938
43.8003438314
0.0
0.666666666667
32.3108473558
38.8461676704
35.4017503526
39.1465182834
44.0132073296
33.9819403754
36.2000109266
42.2816026476
37.0368109809
35.8746337891
0.0
0.0
0.0
0.208333333333
2.06597222222
6.33402760824
43.9083387587
48.9423658583
0.527777777778
0.739583333333
0.0451388888889
0.0
42.6406283908
44.4225701226
0.0
0.178321678322
0.0
0.0
34.6916673448
44.7965460883
15.96875
0.618055555556
40.999657525
47.0958353678
0.0
0.0
40.3135888502
45.579498291
0.0
0.0
39.0756869846
46.1534729004
0.0
0.354166666667
38.0614590115
47.2475585938
0.0
0.807692307692
31.1843804253
32.3017272949
35.7697991265
0.0
38.6416693793
