27.7895812988
23.7507103814
28.4350704617
28.524661594
26.6236131456
27.2000037299
24.6347283257
25.9750128852
16.477774726
20.596174452
25.5565319263
25.4350670709
22.0229153103
16.6982608371
16.2281256782
22.6180555556
16.9458346897
30.7338076309
14.0986090766
23.4031219482
nan
29.3475748698
33.7132059733
31.9517529985
34.392364502
31.0451253255
31.7236192491
30.2888793945
27.5440945095
31.0090298123
38.94825236
30.3576388889
32.6551920573
30.7607659234
29.9316067166
37.4499958737
32.259379069
26.4638824463
30.9020758735
17.0784776476
22.0013902452
37.1375257704
44.977077908
47.2083468967
41.8524530975
34.1232638889
36.3986002604
38.733323839
24.4597303602
37.7052103678
32.0836893717
35.9930691189
37.3947272502
33.6961737739
39.6392415365
30.0732625326
30.2562561035
29.4572957357
24.5701395671
27.0413191054
28.1643109541
30.96387736
31.5850728353
25.8861151801
25.6656256782
25.8656361898
25.7049440196
24.3000047472
26.9111209446
34.7823847381
32.0597195095
nan
nan
27.0663163927
25.1857757568
31.593302982
37.1451449924
34.5197991265
30.3781229655
34.2208489312
30.3784756131
34.4694417318
32.4492943992
44.4097256131
45.8163146973
43.7920091417
44.3862923636
44.051038954
39.5802137587
43.4586588542
47.6163160536
46.462504069
42.3295220269
35.0235991142
35.9402737088
49.6218702528
28.4510362413
39.1809048123
40.8465542263
31.3139038086
36.6288079156
15.0975680881
13.3288184272
33.594780816
27.460067749
33.594780816
28.5777689616
33.6320456921
33.5024380154
39.5597229004
39.5526118794
31.4371507433
29.406592475
30.6833394368
27.7961730957
30.4757113987
30.4420098199
34.9362689811
28.8274699466
32.680480319
37.8871358236
33.0243123372
35.407989502
34.2041795519
31.0788235135
29.1069437663
34.9083353678
30.672167281
37.567715115
36.5586853027
32.2996554905
33.3579949273
30.439239502
35.1929433044
41.2479248047
37.1222059462
30.9267408583
36.5861138238
33.9048631456
41.6586676704
36.8721906635
39.0055541992
36.5017496745
35.0715399848
33.8857727051
38.691199934
35.2076246474
35.0524661642
41.8020799425
52.9274224175
38.3578301938
46.6038343641
40.2416653103
43.3232693142
35.8222181532
49.499657525
42.5447998047
35.4288160536
37.3778127751
38.4496459961
44.9815741645
47.178141276
45.5975613064
45.8954840766
49.5381876628
50.0661930568
56.1215311686
47.7072753906
57.9447835286
50.6093614366
59.6020711263
49.3184068468
62.3097127279
69.9366816131
50.7045457628
37.9887968477
46.0055406359
30.3048638238
34.1680569119
36.0211859809
30.9979044596
36.5852050781
26.7802124023
29.9607713487
26.4354248047
25.6534796821
31.405907525
25.2376794949
25.560760498
29.9041748047
35.2538316515
32.1093783908
28.730211046
nan
22.5340338813
22.3545227051
20.3197852241
25.5791575114
22.1635521783
28.1190931532
20.7920176188
27.4965209961
20.3052113851
21.5211656359
23.5225297095
19.5256974962
22.9430575901
20.5441713367
27.6465284559
25.2378438314
28.8263990614
34.507743728
35.4197862413
23.3559231228
24.3066050212
19.117256272
34.6663275825
29.1916605632
24.3066050212
18.8131900363
nan
31.2923617893
29.7079840766
32.0416632758
23.8899400499
35.8427124023
16.1624925401
23.2656283908
30.4010382758
nan
nan
44.6916707357
35.5680474175
36.0609148052
35.8829888238
27.0144369636
33.4256863064
25.2767384847
28.9027676053
21.9437493218
33.1475830078
39.3385450575
28.5774366591
nan
27.726723565
17.9319474962
nan
36.22950236
40.9576517741
36.3569471571
37.2642381456
32.383104781
29.2820443167
28.3361138238
26.5125054253
29.5618014865
32.7486131456
36.6957732724
33.1785218145
43.0444539388
38.9142456055
51.6465216743
33.6323004829
47.6277601454
27.6906161838
61.7211574978
63.4707980686
30.8736165365
31.6119814591
34.0475633409
33.8003438314
32.1888834635
36.5194600423
29.1079881456
32.3916659885
27.9595087616
29.8451334635
27.1597035726
27.0381825765
27.1961856418
31.7065904405
27.4180586073
27.0211825901
31.1357659234
28.1614583333
25.3312598334
26.7590162489
39.061791314
34.8583340115
50.9208306207
43.3854268392
28.5291578505
36.3996683757
26.658674452
34.6299309529
nan
23.350016276
24.1052093506
19.7319437663
27.6454908583
19.7322913276
27.6441023085
19.7319437663
27.6441023085
19.7319437663
27.6441023085
25.4489440918
18.0211910672
25.4506785075
18.0312618679
31.3038092719
25.0156351725
31.3038058811
25.0138990614
3.56421048348
0.180555555556
9.85069444444
1.03169014085
5.85069444444
3.35972213745
nan
nan
51.8194512261
42.8545396593
24.7031233046
25.1885426839
36.5340067546
31.203125
37.4905882513
46.6017591688
51.7076382107
46.1448025174
37.2156236437
35.31232807
33.821536594
41.3006761339
27.1704796685
31.1420050727
18.1076338026
18.1076338026
44.530907525
29.1579793294
42.3285537348
44.1013861762
nan
55.4584651463
51.797926161
71.0023871528
71.5937635634
18.6871473524
20.4440951877
28.3145734999
23.2999996609
66.9989420573
69.3920288086
68.2148162412
70.9559721611
58.3427259657
66.7111341688
57.7232598199
65.6743096246
60.368754069
63.7791815864
60.711452908
62.5567231514
45.7006768121
47.1878662109
43.2607727051
45.4621446398
48.1513977051
47.7649570041
45.8048502604
47.1038174099
50.7930670844
48.0371568468
20.3368055556
23.5760379367
21.1086747911
30.1482577854
43.147579617
14.1805530124
0.0
5.49861102634
39.859032525
nan
40.3690897624
47.3319396973
39.5700580436
37.1402723524
33.1534661187
35.9284803602
23.5479227702
31.5295138889
33.4142320421
34.1806331151
25.7048678928
27.0989600288
25.3628472222
29.9191046821
35.3833550347
35.2708468967
36.9135504829
30.2614712185
35.4878607856
28.3138919406
32.0565999349
27.4413231744
26.6274312337
29.0482550727
24.7204928928
32.4431040194
28.5510457357
31.0989617242
32.7944335938
34.2485901739
32.0090230306
32.1638861762
32.9079827203
33.6191033257
31.7798529731
31.0868089464
26.4267306858
29.8611178928
25.1838017853
28.1413201226
32.6305677626
30.894788954
24.7156321208
32.422217475
31.4246520996
34.4408457581
19.9031321208
17.8881937663
26.1322903103
30.4218648275
35.4632025825
29.4576382107
nan
24.1549295775
22.9135403103
30.4489440918
23.145485772
0.6875
0.0
0.243055555556
0.694444444444
0.388888888889
0.0520833333333
28.5010375977
23.0461815728
44.9795159234
40.5489637587
36.006245931
44.3326280382
27.598268297
22.4957922149
0.159722222222
0.0
24.1479187012
21.8558976915
38.9558953179
27.841957359
0.0
0.0
30.8173658583
23.901389228
28.1315968831
24.2556324274
40.0461613582
35.9420132107
33.5104268392
35.7281256782
0.0
0.0
26.2876767441
28.8027852376
29.9489542643
29.0350545247
36.6041700575
24.1458214654
30.0679536202
31.8927103678
30.4548712836
26.5374993218
0.0
0.0
0.0
0.0
1.16319444444
0.0
35.6725565592
38.9687567817
0.288194444444
0.402777777778
0.0451388888889
0.443661971831
35.7131991916
35.9843783908
0.0
0.0
0.0
0.0
29.3388943142
36.8638848199
0.295138888889
0.524305555556
33.8215264214
40.2777811686
0.0
0.0
33.2080660636
39.4965108236
0.0
0.0
31.0683966743
39.6846894055
0.0
0.0
32.1347113715
38.1718716092
0.0
0.0
25.0927174886
23.7131924099
26.6301998562
0.0
33.0180596246
