27.7545233832
24.8930630154
29.1961839464
29.766655816
26.078479343
27.7829945882
23.7645924886
26.47918023
18.1805640327
22.6506974962
26.5763905843
27.479514228
33.2413160536
20.6336839464
19.2420128716
32.3760477702
25.3624996609
42.2600572374
24.1958380805
33.4350721571
nan
29.5090162489
33.160413954
32.3434007433
34.2215270996
31.3048638238
31.2871534559
29.9840359158
29.1576402452
31.1107652452
40.0805528429
31.5489535862
32.8843655056
31.5281134711
30.7170240614
38.7152642144
33.2503458659
31.7156236437
31.7368096246
25.7125091553
32.6694369846
39.6920199924
46.1958414714
48.4027777778
43.6649237739
36.5927225749
37.1774325901
42.5607672797
24.8541785346
40.0041571723
33.3979187012
36.2423570421
38.560760498
34.0107693142
39.8145785862
29.6145833333
29.6020745171
29.6954854329
24.9152832031
28.292722914
28.897213406
29.920823839
30.4215359158
25.6961805556
25.5239579942
26.5611216227
27.8281385634
24.1389126248
27.2819519043
35.6642354329
30.649661594
nan
nan
28.6430426704
30.4479234484
32.569088406
38.8093702528
35.169450548
30.8524441189
34.9781155056
31.2892320421
33.3062438965
33.1406148275
44.0277879503
42.3052164714
40.8645968967
43.5816073947
41.9871622721
38.9197828505
42.1322835286
45.2538214789
46.3416612413
42.7611253526
34.440633138
35.2270812988
47.0131937663
28.1277737088
37.363216824
37.7263929579
29.465959337
35.2045288086
20.3170132107
22.6986033122
33.6152784559
27.0951385498
33.6152784559
28.4632025825
33.6666666667
32.5722317166
39.1253458659
36.272213406
31.6850687663
28.4409688314
30.7725694444
27.0114525689
29.7180616591
29.6072794596
33.8468763563
28.1548699273
31.3816087511
36.4892442491
31.3687405056
33.8281216092
34.8295152452
29.9718797472
28.4618055556
33.5288391113
30.0683898926
37.6402791341
37.1264038086
31.820827908
34.1857706706
30.154168023
34.0312567817
40.471862793
36.7416687012
31.2566019694
36.5343797472
32.6784735786
42.4791666667
36.90625
39.0819430881
36.1065809462
34.6190795898
33.7281256782
38.6632012261
35.1465284559
34.7434014214
41.626030816
51.7760484484
37.5427042643
47.4663289388
40.3319295247
44.1083509657
35.7697821723
49.6059027778
41.9572787815
35.845831977
35.3732672797
36.8149380154
43.7860921224
47.9850701226
43.5625135634
44.1086968316
45.7569512261
48.8882107205
51.9903021918
46.9611172146
55.9923638238
50.5159742567
60.1007012261
51.1968655056
64.8020562066
70.8548923069
53.6659579807
51.2920193142
45.306962755
31.6562466092
34.758670383
37.4267340766
31.8732672797
37.3607618544
28.2451494005
29.5194464789
26.7142350939
26.4906327989
32.6315917969
26.2479248047
26.4871504042
32.3038194444
38.7253621419
32.9097256131
29.8736165365
nan
25.4430592855
24.0256941054
23.3961961534
28.1239505344
24.2149420844
26.8951399061
22.7677171495
26.4350721571
26.2819603814
28.9204745822
29.9420098199
27.098610772
27.8677215576
27.4965226915
26.8194325765
25.9086693658
28.7524278429
35.0795186361
34.0368041992
23.3621707492
26.1506771512
25.298956977
35.9395514594
26.161799113
26.1506771512
25.2749938965
nan
30.0038282606
28.2142333984
31.3093770345
28.6378445095
37.2392306858
26.2770911323
27.7850680881
35.1861199273
nan
nan
44.469780816
40.2288309733
37.069797092
42.1933865017
39.1402893066
32.8829888238
31.5461934408
28.4857720269
31.663547092
33.5496588813
39.6007181803
30.8145921495
nan
31.1968688965
25.791659885
nan
35.5750054253
39.1861063639
35.2482571072
36.6416659885
31.1687655979
28.4392462836
29.6041632758
27.5975663927
29.0159742567
32.9697875977
34.9888949924
32.3211737739
40.2718811035
37.4222106934
46.2593688965
30.4104207357
42.6385328505
27.0149230957
56.7361043294
59.158331977
29.6829698351
31.1312391493
33.6461656359
31.2510545519
30.6045159234
36.9979078505
27.6500142415
31.9368014865
27.2302178277
28.8968811035
26.2652791341
24.9114685059
27.4871639676
31.3093702528
27.3173455132
26.3993089464
31.1461724175
27.7972208659
25.4520806207
26.3114556207
37.6566094293
32.7447747125
47.6010504829
40.0163065592
29.5079922146
35.3586798774
28.3295169406
32.4166632758
nan
25.5829959446
23.5892503526
23.65625
27.8600667318
23.6569451226
27.8600650363
23.65625
27.8600650363
23.6572909885
27.8600650363
25.4920128716
22.3808949788
25.4902750651
22.3802015516
31.3371649848
25.3798590766
31.3368191189
25.384024726
3.74583350288
1.64236111111
11.5333328247
1.84375
7.12222205268
3.89999983046
nan
nan
47.0802171495
39.6694369846
26.5086907281
26.4649285211
37.9076368544
31.5062391493
35.5392523872
47.6517232259
47.0711907281
43.8190748427
35.3218756782
33.4680548774
33.3986036513
40.5750155979
36.5020853678
40.2086791992
32.1538187663
32.1538187663
44.2847323947
30.8558892144
44.0826178657
42.8381924099
nan
55.7590264214
49.0048556858
71.4531182183
70.8347439236
22.5593736437
27.3111063639
35.0868055556
29.5833265516
66.4211764865
70.0396050347
67.3607652452
68.9600287543
59.1972249349
66.9541422526
59.2962036133
64.3781467014
60.2194485135
63.9684176975
60.303120931
62.9830050998
45.8256700304
48.1309339735
43.5204908583
46.0368143717
48.4951510959
47.5750088162
45.914920383
48.2590535482
52.0482754178
47.9607577854
29.4670172797
35.93717787
27.7503492567
40.3156263563
55.279510498
17.6746470133
0.121527777778
7.55486128065
47.3333333333
nan
42.0451422797
48.5232679579
39.7093607585
37.40137736
35.2385559082
35.7753397624
24.5347357856
32.3402811686
33.9996643066
34.9666646322
27.3149346246
28.5378451877
27.069797092
30.4572855632
35.4684210883
35.9364352756
38.4642300076
32.5791693793
36.1670125326
28.6562533908
33.1732618544
27.542014228
26.9014010959
28.7180582682
25.8003506131
32.7802056207
27.7645823161
30.2611253526
34.9343770345
33.6874966092
33.7673577203
34.81769477
32.7159729004
34.424299452
33.9541693793
32.6635403103
26.4243079291
30.106950548
25.1781175401
27.8996582031
32.9138827854
31.8065999349
25.8232659234
32.7472161187
31.7350565592
34.3434176975
23.5236138238
22.6329871284
28.2416551378
29.0607740614
36.1562466092
31.9871588813
nan
39.9750094944
31.4079759386
47.5930548774
31.6899346246
0.541666666667
0.534722222222
0.488888899485
0.545138888889
0.496527777778
0.190972222222
46.0559082031
31.6360982259
54.4659695095
52.6927185059
48.452416314
53.8034735786
36.4090203179
34.6746554905
0.159722222222
0.0
34.6006944444
33.9038018121
49.7632039388
40.5538092719
0.121527777778
0.0
42.2034776476
36.4003295898
40.465250651
37.5034688314
50.9961920844
47.9562683105
44.6701253255
48.6368103027
0.0
0.0
36.7652926975
41.3614603678
38.4534708659
40.7100694444
45.8479173448
37.5416666667
39.7757059733
42.8864542643
40.0454881456
38.1173604329
0.0
0.0
0.0
0.0
3.0
0.159722222222
48.5097215441
51.1107686361
0.0347222222222
0.243055555556
0.0
0.0
46.4753451877
47.4548509386
0.0
0.0
0.0
0.0
42.6395806207
49.3774176704
0.5
0.590277777778
47.4409484863
53.2295125326
0.0
0.0
46.204864502
51.7517361111
0.0
0.0
45.2430589464
51.2836710612
0.0
0.159722222222
46.7382032606
51.019809299
0.0
0.0
40.7194383409
34.398952908
28.736456977
0.0
35.2878485786
