29.4131944444
21.0347222222
30.7638888889
25.6909722222
23.3333333333
24.9965277778
21.5642361111
23.3888888889
12.4270833333
12.6388888889
23.1473684211
15.40625
19.7708333333
9.04861111111
5.94791666667
0.0
0.0
0.0
0.0
0.0
nan
29.0836791992
33.8489515516
32.6073670504
35.6072896322
32.1041666667
32.6479085286
32.2864583333
31.0
30.8663194444
40.890625
31.5885416667
31.6006944444
31.9722222222
31.3211805556
39.0243902439
33.9461805556
23.2409532335
33.1922980414
14.9670138889
20.1180555556
41.6996527778
47.9826388889
50.609375
44.8421052632
36.1979166667
37.2760416667
43.2048611111
23.7708333333
41.7326388889
31.6302083333
38.3357679579
39.8529746026
35.7510409885
41.4683973524
30.9506971571
31.7288208008
32.3819342719
25.7246568468
30.0014038086
29.4822381315
32.6326395671
34.1291537815
28.2812449137
28.3072933621
26.7586805556
20.7369337979
25.0972222222
31.6753472222
36.0329804002
35.8801676432
nan
nan
23.5190972222
20.0208333333
34.2700348432
40.8072916667
37.2520209418
32.3541666667
36.3402235243
31.6753472222
35.9413282606
31.085352243
48.7996419271
43.9478963216
42.2437371148
48.0887575384
43.6107652452
40.9680514865
45.6729092068
48.5211724175
49.2225782606
43.8059082031
35.6470458134
37.5708312988
51.985426161
23.8027784559
42.2979227702
41.9763793945
31.6162990994
39.6218702528
11.0763888889
1.17708333333
35.8669840495
24.990963406
35.8669874403
25.9621463352
36.3511882078
35.4437357585
42.5017055935
40.8515386814
33.9676818848
29.7253417969
30.6729092068
25.1604071723
34.2118055556
32.4607679579
38.2161321272
30.5863212719
36.3135274251
40.7743055556
36.285413954
38.9218716092
37.9329732259
34.1972113715
31.6267361111
38.4756842719
32.7294716283
41.4340176053
40.7642178006
34.6055603027
37.296875
33.0531344944
38.4710842226
43.0614657932
38.8051893446
34.1319512261
30.9708285862
30.3003404405
47.0066019694
32.9356595553
39.8270806207
39.6479356554
35.0732591417
36.5218743218
42.7529845121
37.8996582031
37.3285741507
44.5788133409
55.5437452528
38.727786594
49.1125013563
42.9107530382
46.6114603678
38.5361022949
52.048956977
43.858323839
36.7163187663
37.1398498962
38.6381937663
45.8645765516
47.7222154405
47.0764058431
49.0902743869
49.9875013563
54.3101836623
55.0524325901
53.4972229004
57.4243028429
56.1378512912
60.4531182183
59.0944417318
63.5305447049
68.8432055749
64.78125
14.1105263158
48.1909722222
32.71875
34.8385416667
38.5989583333
31.7013888889
39.4754385965
24.1041666667
30.4291788737
24.9624955919
23.0010342068
34.3958265516
25.7609786721
25.8506842719
28.6565823025
34.3233340592
34.7281155056
29.888543023
nan
19.0451388889
17.8576388889
16.3871527778
21.1163194444
15.2048611111
22.9704861111
14.0295138889
22.6267361111
17.1510416667
18.5677083333
21.4442508711
16.7222222222
17.4774305556
17.7473867596
24.1527777778
20.640625
23.9479166667
33.106271777
35.1076388889
17.1267361111
17.3993055556
7.52280701754
13.0243055556
27.9027777778
17.3993055556
7.44444444444
nan
31.6857638889
34.4444444444
31.3871527778
11.6736111111
43.7604166667
9.45833333333
26.9826388889
35.6527777778
nan
nan
41.125
12.2465277778
35.9056058114
12.8229166667
24.0104512603
28.6392381456
22.8395775689
24.3003472222
14.5892367893
25.3784722222
47.4249979655
20.4861111111
nan
31.84375
14.8524305556
nan
36.8447842068
39.6531202528
35.4725748698
37.2777743869
32.8505174068
29.6428111294
24.1250016954
22.846528795
31.5551995171
34.1236097548
38.416015625
35.5808335148
43.0861104329
39.8003370497
51.7763943142
26.4864552816
48.2954779731
22.8430514865
61.7065972222
64.4982638889
32.7260403103
32.3996470669
36.3118116591
34.1972181532
34.0906100803
39.4118041992
31.0065951877
35.2243075901
28.6536605782
28.8236117893
28.7003445095
27.232969496
30.1583455404
32.2819349501
29.689239502
29.045823839
33.7670016819
30.5406222873
27.1777801514
27.61700609
40.1913214789
35.2430589464
53.4375271267
43.4961785211
28.8392266168
35.6427001953
26.9020724826
33.317427047
nan
16.1597222222
16.0590277778
15.1666666667
18.71875
15.1666666667
18.71875
15.1666666667
18.71875
15.1666666667
18.71875
9.03819444444
12.7395833333
9.03819444444
12.7395833333
20.7743055556
21.8125
20.7743055556
21.7881944444
0.0
0.0
0.0
0.0
0.0
0.0
nan
nan
54.1975708008
43.41112264
21.5503472222
18.2902097902
40.4253472222
32.7951388889
41.2996487088
49.9996507433
54.0270996094
47.3590494792
37.4277886285
35.0895579268
30.4669765896
38.8836229112
7.75347222222
8.66666666667
0.0
0.0
45.2638888889
29.0972222222
43.939924452
48.8305596246
nan
52.9908967985
54.8079630534
73.2215440538
74.0152520074
0.0
0.0
1.08159722222
0.0
69.0187445747
68.6295166016
71.5856291118
71.4449081689
62.0232815213
68.209370931
62.1135457357
67.2986111111
63.089586046
67.7534722222
62.8020833333
66.1498121733
50.3642442491
53.4725579156
47.2218560113
50.1177130805
53.0357530382
53.8190951877
49.9621480306
54.2558865017
56.4173617893
54.1020745171
0.0
3.53125
1.72222222222
0.0
0.0
0.0
0.0
0.263888888889
5.49305555556
nan
44.0555555556
51.2309027778
42.0662020906
39.8298611111
37.0625
38.3697916667
20.1347130669
34.6475084093
30.5451015896
37.4595908717
25.7378472222
23.8645833333
22.390625
34.5625
37.9930555556
38.0572916667
35.9583333333
32.5138888889
35.4479166667
22.7517361111
33.78125
25.4375
21.8333333333
27.43728223
19.40625
32.0561403509
30.7096828885
34.205142551
35.4565972222
35.2108013937
37.6041666667
36.40625
38.3090277778
43.3611111111
35.236392551
34.8926493327
25.2278725229
32.3534715441
26.0881441229
30.6034613715
35.140625
34.1510416667
19.40625
32.1458333333
33.5972222222
38.3684210526
15.1118164063
13.8291770087
22.7899305556
29.5746527778
37.6440972222
34.5694444444
nan
0.0
0.506944444444
0.0
0.506944444444
0.0
0.0
0.0
0.0
0.0
0.0
0.0
0.506944444444
21.7395833333
19.4618055556
17.5972222222
22.140625
10.7118055556
12.1818181818
0.0
0.0
9.58680555556
11.1597222222
11.8888888889
15.6585365854
0.0
0.0
14.3802083333
13.1666666667
7.25520833333
13.4459930314
20.548951049
18.2604166667
17.7986111111
17.5868055556
0.0
0.0
11.8003472222
7.20138888889
11.5694444444
12.0347222222
16.8732638889
7.35069444444
13.831010453
12.1875
14.2361111111
12.4652777778
0.0
0.0
0.0
0.0
0.0
0.0
17.8784722222
20.0034722222
0.0
0.0
0.0
0.0
15.6111111111
16.4913194444
0.0
0.0
0.0
0.0
14.0590277778
18.5555555556
0.0
0.0
17.5833333333
21.4131944444
0.0
0.0
15.2160278746
18.8506944444
0.0
0.0
15.9027777778
18.3916083916
0.0
0.0
16.7847222222
9.34722222222
0.0
0.0
0.493055555556
8.91666666667
13.2986111111
0.0
15.9895833333
