27.3972405328
23.9416724311
28.3472408719
28.535091824
26.2180582682
26.7802259657
24.0861172146
25.5573103163
17.7934044732
21.1326361762
25.0083228217
25.9472283257
31.6159701877
17.6218787299
17.03125
29.4288126628
23.6861046685
40.709048801
22.8836788601
31.7385491265
nan
29.843407525
34.3809034559
32.2895711263
34.4388902452
31.7694295247
31.7871568468
29.7166748047
27.2031334771
30.0732693142
38.8972303602
30.8555636936
33.1958312988
31.2993130154
29.8427293566
36.9420267741
32.9274359809
30.2496473524
30.5402764214
25.654522366
31.5920071072
37.2927178277
43.6444498698
45.172583686
41.6472201877
34.5163167318
36.3100653754
38.4382052951
24.1618228488
37.1204969618
31.5045166016
35.6479153103
36.8937513563
33.7434048123
39.2326321072
30.3472391764
30.1197950575
30.2260301378
25.927090115
28.544450548
29.8361206055
31.5562303331
31.8823004829
27.8406287299
27.3048519558
26.8229353163
25.9520975749
26.2083502875
27.0510694716
34.2927076552
31.5927090115
nan
nan
27.650700887
27.2868092855
31.8114556207
36.4854159885
34.4906175401
30.7139078776
34.7433912489
30.180911594
34.4586961534
32.9913228353
41.6492919922
43.280219184
41.6791653103
41.551038954
41.5767279731
38.6968756782
44.0663146973
46.7736070421
45.9899393717
42.3847147624
35.2485860189
35.3204956055
47.6889071994
29.0448065864
38.3642442491
39.9121534559
31.8735961914
36.7722303602
20.6409640842
23.3527848985
32.9013807509
27.8117980957
32.9013841417
28.9090237088
33.5656263563
33.2256808811
38.5038180881
40.0173780653
31.6291469998
30.2569342719
30.8774380154
28.0187564426
29.9881964789
29.9697842068
35.7423570421
29.1385464138
32.3236083984
38.1760525174
32.5746561686
36.2236260308
34.7298617893
30.4607611762
29.251051161
35.8413391113
30.5909830729
38.1426968045
37.1885206434
32.4673733181
33.9583435059
30.7673814562
35.6774258084
41.8961690267
36.9277920193
32.5500047472
35.1003655328
34.4687296549
42.27637736
36.2642550998
37.5399237739
36.3677096897
33.536465115
34.5892503526
37.4829813639
35.1836853027
34.6736009386
39.9951443142
50.6128268772
37.7412990994
45.7010464138
39.3965454102
42.5920172797
35.415629069
48.3017340766
42.0586751302
35.6798570421
36.7514004178
38.5937262641
44.50487264
48.0555521647
44.8149176704
47.4923468696
47.397922092
53.3284640842
53.0288153754
52.4736090766
56.4010518392
54.7184041341
57.5152723524
56.8555501302
60.4903021918
65.0246514214
60.7840237088
51.6455010308
45.9329800076
29.5965338813
32.432993571
35.4704928928
29.9000006782
34.4069552951
27.4968753391
30.5236206055
26.6934000651
28.4743041992
30.8524305556
25.9802025689
26.1763966878
31.2937588162
37.0941094293
32.5638936361
28.5996432834
nan
25.6041564941
22.9822947184
23.4989624023
26.2562425401
25.2947879367
27.2666625977
23.9149407281
26.8868119982
25.4572974311
28.1968672011
28.2121463352
25.8541700575
27.9555681017
27.2468753391
28.3579711914
28.5548502604
28.411465115
33.7416653103
34.7663201226
25.0722215441
26.8625064426
25.7434048123
34.9569837782
30.1927117242
26.8625064426
28.4458346897
nan
30.1673583984
29.2691006131
31.831258138
28.7520853678
35.1135321723
25.4267272949
24.4472300212
29.1097276476
nan
nan
43.9823065864
41.9809027778
36.7243143717
44.5364549425
39.1958245171
31.8010457357
32.0010274251
28.0635375977
34.0472344293
33.7489590115
38.8385484484
31.133327908
nan
29.1746690538
23.4225735135
nan
34.9888916016
38.3958367242
34.3822801378
35.9166734484
31.6152648926
28.7920125326
28.1402723524
26.2965291341
29.4763861762
32.3447977702
35.9895799425
32.8340420193
40.2184041341
37.546166314
47.5854288737
32.2993164063
43.2913072374
27.9173397488
59.3579983181
60.2760213216
30.4302062988
31.2621459961
31.9666544596
33.1017286513
31.573961046
34.9694451226
28.3055538601
31.5538160536
27.8454996745
30.2204827203
27.6253441705
27.2288191054
28.2128550212
31.3885362413
27.5618065728
29.0013970269
31.7867940267
30.0031195747
26.4881981744
26.7548556858
40.2520718045
34.7222222222
52.5288119846
44.2614746094
30.7805514865
34.6475660536
29.6697896322
32.7013922797
nan
23.789577908
22.0548587375
23.77049764
26.9204813639
23.772579617
26.9215240479
23.7698008219
26.924299452
23.7698008219
26.9211747911
25.1291707357
23.0218844944
25.1284756131
23.0236206055
31.5965338813
24.7117970785
31.596883138
24.7100626628
4.19652769301
0.517361111111
11.9236111111
0.996527777778
7.75
4.4291665819
nan
nan
53.9430474175
44.0222032335
26.209745619
25.3218807644
36.158331977
31.4201388889
40.7888861762
45.5416700575
53.3388739692
47.9076402452
37.8142428928
35.6621636285
33.9898986816
40.1364678277
36.9239671495
40.1173536513
31.2684122721
31.2684122721
45.9475640191
29.2468770345
41.3305426704
47.1194593641
nan
53.0899251302
52.8795199924
68.3045043945
69.9163479275
25.2645789252
27.5496504042
35.1822814941
29.0729166667
64.1204833984
67.3274400499
65.3239203559
65.8996446398
56.8267211914
62.9364624023
56.8284810384
61.4236246745
56.8274332682
61.4117838542
57.1142171224
60.5531344944
44.3853997125
47.2638753255
41.2132025825
44.4413146973
44.3472154405
45.890282525
44.7496609158
46.6413201226
47.4551934136
47.231241862
25.5381978353
35.596174452
26.7427096897
36.4850667318
54.3517320421
17.5166693793
0.0833333333333
6.35034730699
47.379163954
nan
41.1520555284
45.8107638889
38.9586825901
36.2177157932
35.2329745822
37.064924452
24.8961825901
31.6409573025
32.5961676704
35.2291564941
26.2583465576
28.942715115
26.1517571343
30.1118130154
35.1420220269
34.5774400499
37.2343851725
31.2729153103
34.8791571723
27.9482625326
32.4555528429
28.415629069
27.039598253
28.4996676975
26.0388895671
33.0420125326
28.8642442491
30.7392408583
33.8006930881
34.5371568468
33.2204996745
34.0038248698
32.8416578505
34.3652784559
33.2010396322
31.9607679579
26.746190389
29.577094184
25.3559061686
26.4812435574
31.5996398926
31.6284518772
26.0684068468
32.9861077203
31.3677096897
34.2375047472
22.3395996094
22.1055552165
27.5645785862
29.0388827854
34.711452908
30.1475694444
nan
35.7757161458
31.2215169271
44.561469184
31.5746290419
0.486111111111
0.0729166666667
0.704861111111
1.39583333333
0.788194444444
0.121527777778
41.2948065864
31.4183892144
53.9937642415
47.9840257433
42.8791775174
52.8072882758
35.9465162489
30.5815972222
0.409722222222
0.0
32.1267428928
29.7440897624
47.3454996745
36.2489624023
0.0
0.0
38.7187432183
31.5013834635
35.8583306207
32.2805548774
46.8298712836
43.2874823676
41.6246710883
41.2128601074
0.0
0.0
33.1006944444
35.4055684408
36.2472161187
35.6323004829
42.8819308811
31.638543023
37.2017415365
38.121887207
37.2718811035
33.1378479004
0.0
0.0
0.451388888889
0.100694444444
2.45833333333
0.0902777777778
42.9631924099
46.5097317166
0.274305555556
1.22569444444
0.204861111111
0.145833333333
42.3809102376
42.8503485786
0.0
0.0
0.0
0.0
41.4812588162
45.1350674099
0.152777777778
0.104166666667
46.1458435059
49.1972249349
0.0
0.0
44.7763875326
49.6816067166
0.190972222222
0.0
43.2527804905
49.9326477051
0.138888888889
0.15625
44.9097188314
49.5027804905
0.0
0.0
40.3712056478
34.1281433105
27.1468726264
0.0
33.953125
