27.3277926975
24.6489749485
28.2830013699
29.0284762912
25.9697994656
27.3816036648
23.6559193929
26.0260518392
17.9461754693
21.1114535862
26.0515706664
26.7059071859
32.2458394368
17.9576416016
17.7197892931
31.0809020996
23.4496561686
41.8899002341
22.5989515516
32.4382120768
nan
30.0763956706
34.7260504829
32.1459909898
34.2301974826
30.7014024523
31.4916619195
29.0631849501
27.2288174099
30.8788180881
38.1368103027
31.4527689616
33.2874993218
31.2920193142
30.0319417318
37.2536544534
32.8413187663
30.9291619195
30.356241862
25.5434112549
31.780541314
37.488559299
44.6909790039
46.0413275825
41.7345077036
34.2951388889
35.8374972873
38.5086975098
24.6381903754
37.1267361111
31.3163214789
35.3201327854
37.0770089286
34.1625027127
38.8961927626
29.7829928928
30.2385525174
30.0218675401
25.9298638238
28.5
30.3017442019
31.8354119195
32.2940877279
27.2458394368
27.0583377414
26.3420257568
26.339387794
24.9468960232
26.4121704102
34.6101031686
31.2402784559
nan
nan
28.2454664442
28.2430521647
31.6595880063
36.1562567817
33.9777696398
29.8906317817
34.7527703179
30.3086853027
34.2934027778
31.9588925033
40.9010484484
43.917711046
42.2454766168
40.6240472561
41.6368170844
37.9295111762
44.4166666667
46.9461669922
45.862830268
42.0868089464
35.1686390734
35.5218607585
49.222913954
28.9510294596
39.5111016168
40.4079725477
31.4510328505
36.2996622721
20.4395870633
22.3364495171
33.4350823296
28.5243055556
33.4350823296
29.3677062988
33.7487784462
33.632276747
38.4173550076
40.062157525
31.7284783257
30.4013909234
30.779168023
29.0506998698
30.4336785211
30.2027723524
35.7634098704
29.3989410932
32.709370931
38.5111083984
33.20831977
36.2003309462
34.4777798123
31.0041707357
29.0329861111
35.8802185059
30.5999972779
37.836795383
37.142706977
32.3385416667
33.6652798123
30.5468783908
35.916025833
39.9986063639
37.0590209961
31.3770955404
36.0284661187
33.9392361111
42.8631896973
36.3773614438
37.7003479004
36.3861050076
33.6972215441
34.1076456706
37.5115043826
35.8555535211
35.6940841409
40.077094184
52.0159708659
39.3625149197
45.9805365668
39.0163099501
42.9017164442
34.9489644368
47.1117960612
41.009379069
35.1521063911
35.9560955194
39.7777845595
44.5979207357
47.1326124403
45.4402804905
46.6941189236
47.4013909234
51.5539865527
53.284362793
48.9211764865
56.320848253
51.2774590386
58.130215115
52.1576368544
60.01043023
66.5575457317
55.3173489041
50.607323198
43.2958306207
29.1503567166
32.7024400499
34.8083394368
30.30206977
34.9947565059
27.6309085422
30.2034640842
26.7149268256
28.6385464138
31.5173543294
27.0149818979
26.4642486572
32.6527743869
37.3253648546
32.6500074599
29.1993069119
nan
25.4312523736
23.5611131456
23.230919732
26.8628556993
24.2722269694
28.2635362413
22.9697892931
27.6867997911
25.5298665365
29.4996541341
28.6111579922
27.3298543294
27.5548519558
28.29825818
28.0555487739
27.6746639676
28.6420186361
33.3397042411
35.6652730306
24.1618211534
26.666325887
24.1661925632
35.0124986437
29.9593573676
26.6649373372
25.6100616455
nan
30.0322977702
28.4691026476
31.5642462836
28.9659661187
35.5739576552
25.4791615804
25.3416714138
29.2913140191
nan
nan
44.3441263835
40.1007012261
37.6630655216
42.0479125977
38.1118555368
31.8822835286
32.4635247125
27.8159620497
33.727786594
32.2340257433
39.6027594672
30.5385335286
nan
29.1701253255
23.8173556858
nan
35.1798570421
38.7520887587
34.8201463487
36.0340304905
31.7087155651
29.0595805205
28.4788072374
26.9749908447
29.1715291341
31.8475680881
36.1278888556
32.9170806566
39.5420227051
36.4458346897
48.9270765516
31.4499952528
44.2097100152
27.245847914
58.6399400499
56.9774237739
30.6923590766
30.8574797202
33.0006883409
33.2149251302
31.745493571
35.1642523872
28.3319498698
31.6541612413
27.5703754492
29.7517327203
27.719446818
27.2968783908
27.6385447184
32.3222215441
28.6642286513
28.3468763563
32.9652676053
30.4069383409
26.7673577203
28.1176944309
40.7559102376
35.3926900228
52.8520846897
45.5017496745
31.5927157932
34.8135443793
30.0753479004
32.7010357687
nan
25.3291659885
21.3111233181
23.469446818
25.629518297
23.4781273736
25.6295199924
23.4722239176
25.6298675537
23.4722222222
25.629518297
24.3169962565
22.5496605767
24.3156077067
22.5451490614
30.2767367893
25.2482689752
30.2767401801
25.2479214138
6.87595827322
1.20138888889
13.5177095201
1.89337987601
6.43888897366
4.78472222222
nan
nan
54.6881985135
45.2437438965
26.0461951362
25.2538231744
36.5298461914
31.4347262912
40.9447835286
47.8614874946
54.3833346897
48.7267320421
38.2281460232
36.4634146341
33.3562452528
40.3236151801
36.5645785862
39.6389058431
31.7361178928
31.7361178928
44.6367967394
30.0597330729
42.4493170844
47.4264017741
nan
53.3651629192
51.7006869846
71.2597045898
71.0135498047
26.9041646322
28.6468743218
37.1864657932
31.6163160536
66.9815809462
68.9534776476
67.7456105727
69.9616656686
58.1690877279
66.1833224826
57.8461846246
65.7138739692
58.0888943142
61.1131863064
58.0819227431
59.8571292465
45.5013868544
47.7604166667
42.9440850152
44.3902791341
46.2541775174
47.0382080078
46.327094184
47.1152716743
51.3708224826
48.4291551378
23.3249986437
36.7059088813
25.3180626763
34.8100687663
56.091668023
19.3826395671
0.0972222222222
8.84791649712
47.8555501302
nan
41.7958272298
46.5041605632
38.6581759037
37.2513902452
35.3340318468
36.7854173448
25.4541727702
32.047926161
33.3711853027
35.6320673182
26.887157864
28.7486131456
26.7437489827
30.6871609158
34.4065789117
35.3763800727
37.6267361111
30.3270806207
34.9937472873
28.6222161187
32.8687405056
28.0361243354
26.7514038086
28.5052117242
24.8024410672
33.2536612587
28.5236138238
31.2868075901
33.9833340115
35.6348472888
33.3489583333
34.0343695747
34.0322977702
35.4045308431
33.3232625326
32.4430541992
25.9128604465
29.8649359809
25.2379835175
28.2895796034
31.8770718045
31.210422092
24.7923702664
33.1788194444
31.2524278429
35.0160401241
22.6708340115
22.624303182
28.0760311551
29.7770792643
34.9163208008
30.1555752224
nan
34.2268245046
31.5593736437
43.1038140191
31.8069424099
0.875
0.0
1.2173611323
0.555555555556
1.10416666667
0.107638888889
40.1392381456
31.7131856283
53.5746426053
50.5072869195
44.8756815592
52.0566067166
35.5725640191
31.7257798889
0.402777777778
0.0
32.7590264214
30.435075548
47.370815701
36.3311161495
0.246527777778
0.0
38.755215115
31.5788235135
35.9170057509
32.0007111553
47.7619841572
44.2725762261
41.4739854601
42.6760423448
0.0
0.0
33.0371602376
37.3163214789
36.1565856934
37.5198025174
43.1944342719
33.0343729655
36.7115057437
39.9947950575
37.1496582031
34.9812588162
0.0
0.0
0.0
0.0
1.72916666667
0.0
45.398952908
45.9312574599
0.545138888889
0.336805555556
0.0659722222222
0.0975609756098
44.8607618544
42.8309054905
0.0
0.0
0.0
0.0
41.2940979004
44.3198038737
0.590277777778
0.173611111111
45.7114461263
48.2965189616
0.0
0.0
44.6539906359
48.8326449924
0.0
0.0
43.1444396973
48.9843682183
0.0
0.0
44.9541659885
46.9583231608
0.0
0.0871080139373
39.7590332031
32.7260504829
27.7034759521
0.0
35.2527770996
