27.6496632894
23.6954820421
28.2024434408
28.2340359158
26.6777801514
27.060429891
24.4291619195
25.7343885634
25.567018297
25.2441067166
30.2284783257
31.893758138
32.077073839
17.8277791341
18.8795132107
36.2992960612
25.132297092
53.8630736879
22.8187527127
35.5378417969
nan
29.8211873372
34.8374972873
32.6850653754
34.3485819499
32.2083333333
31.2208150228
30.3933885362
27.9618004693
30.9545016819
40.0336812337
31.1576368544
33.649295383
31.287516276
30.4538235135
38.0567903419
32.956258138
31.4163072374
31.2579922146
25.8270823161
31.846174452
39.0309007433
46.2198181152
46.6270955404
42.2170138889
34.7309061686
36.6541748047
39.9819539388
25.1538204617
38.191684299
32.2045050727
35.9576416016
36.9003600011
33.6197882758
39.355211046
29.3590359158
30.2906121148
29.2875128852
26.7524210612
27.6059146457
31.2562493218
32.7683953179
31.5836893717
28.2510325114
26.2906239827
26.5486263699
27.1473979883
24.8670145671
27.8458438449
35.163547092
31.8492906359
nan
nan
27.5996398926
28.8388977051
32.3972193489
37.4645928277
34.5638936361
30.6906229655
35.0673624674
30.8076341417
34.999657525
34.148774363
45.2742987739
45.8173658583
43.8697950575
44.9432062554
43.3079901801
39.5177205404
44.9114786784
47.9114515516
47.2340291341
43.2017347548
35.4125347071
35.692715115
49.8110995822
29.2225613064
39.3118082682
40.8621520996
31.668741862
35.8701510959
20.1434004042
22.5614539252
33.404168023
27.8697831896
33.404168023
29.0468716092
33.5916403528
34.1680569119
38.7267354329
40.2618069119
31.7944437663
30.1889038086
30.6239454481
29.1215277778
31.5934143066
30.987487793
36.0347256131
29.7475653754
33.722934299
38.9249911838
33.9489712185
36.7677103678
35.2548794217
31.7215237088
30.0590209961
36.2152777778
31.3416612413
38.9201422797
37.8836873372
33.1190965441
34.5322977702
31.4211866591
37.6449531794
42.1715223524
38.0951470269
32.7163187663
36.2861124674
35.303120931
42.0819566515
37.5326504178
38.3729078505
37.2125074599
34.0756971571
35.4385375977
38.9163275825
35.6451416016
35.262739547
40.9562784831
52.7253723145
38.8024359809
46.6524251302
40.2527770996
43.3183831109
36.0451321072
49.1152886285
41.5243055556
36.5805528429
36.2670220269
38.9451293945
44.4788208008
48.6645677355
45.168741862
46.8232794868
49.5458272298
50.4465026855
55.9708150228
47.289920383
58.7646009657
50.1527676053
60.3402913411
52.3975558811
62.6191067166
70.1857442291
53.0177171495
51.9437696669
46.7930569119
30.2375217014
33.370493571
36.0374925401
30.7392306858
36.1728956434
27.3677130805
30.5423651801
26.9475674099
27.9986182319
32.525712755
25.9909540369
26.2673611111
31.3680419922
38.9250047472
32.539598253
28.9382052951
nan
24.887157864
24.2034691705
23.032989502
27.639219496
26.7632124159
27.4072909885
25.1475813124
26.6378529867
24.5961931017
28.5357632107
27.5583411323
26.7041710748
26.8694474962
27.6194491916
28.6326395671
27.2350667318
29.270131429
35.2661966463
35.1843566895
25.1906246609
27.3847130669
25.0899200439
35.6201443142
29.5034484863
27.3836720785
26.1086747911
nan
30.9788241916
30.1399197049
32.7701280382
28.7180752224
36.9357503255
26.5350460476
24.795501709
30.8257039388
nan
nan
44.7677137587
40.766998291
37.6489461263
43.471174452
38.2700212326
33.3340148926
32.6562466092
29.3604159885
33.0118001302
34.5131937663
39.8222181532
30.208662245
nan
29.7003377279
24.0486128065
nan
35.2423604329
40.2083333333
36.1906195747
36.1506890191
32.0892401801
29.4374966092
29.0593770345
27.1729193793
29.4631890191
32.4586690267
36.3762930096
33.2581765843
41.0270690918
37.9968770345
48.5576375326
32.5003628201
44.0978868273
28.2256961399
61.7034708659
61.2531399197
31.346174452
31.7989637587
34.2114596897
34.3871493869
32.2965257433
36.4305487739
28.3100552029
32.7225613064
28.5487804878
29.8423563639
28.3180643717
26.9565904405
28.498260498
31.0604248047
29.0371602376
29.0857476128
33.386118571
30.9770812988
27.1236182319
28.0749986437
39.574669732
34.6253356934
52.7301974826
45.6354166667
31.6048583984
35.6267462836
30.6576436361
33.1870984865
nan
24.3083275689
22.291337755
25.0163167318
25.8937344021
25.0170135498
25.8937344021
25.0163167318
25.8937344021
25.0194447835
25.8937344021
24.0673624674
21.567715115
24.0656263563
21.5566016303
32.071879069
25.1843719482
32.0715332031
25.1815948486
5.73937265217
0.996527777778
15.3253495958
1.92569435967
8.64583333333
5.51909722222
nan
nan
54.4489678277
44.9010450575
26.1746690538
26.0145755344
36.5996568468
31.1760287815
40.4920111762
46.7635498047
53.859032525
48.0805596246
37.8899332682
35.372482034
33.7715250651
40.1593865289
36.2597181532
39.8989562988
32.1187438965
32.1187438965
45.3183932834
29.0388929579
42.1906602648
47.410756429
nan
53.3889058431
51.2465209961
71.4750298394
71.7809176975
31.1215209961
37.3177083333
44.6513875326
44.7579786513
67.5309176975
69.9649319119
66.6107720269
70.565633138
56.615620931
66.0992906359
55.6739637587
64.6909790039
60.0437689887
59.5322943793
60.3513929579
59.4965224848
45.1763882107
46.6614481608
42.5294969347
43.7444390191
47.4896104601
45.7034640842
46.1788194444
46.5600653754
52.0312466092
47.2392374674
53.4361097548
35.446170383
25.1836819119
51.7517462836
64.7024400499
25.7902713352
0.0798611111111
17.9916687012
47.2385491265
nan
42.6086832682
47.3128323025
38.6979019218
37.5378723145
34.5642496745
37.318423801
25.3017323812
32.8329908583
33.6944580078
35.9618021647
26.5913221571
28.7180718316
26.4961768256
31.286465115
34.5736083984
35.8427157932
37.5614556207
30.7611151801
34.7892354329
28.7086791992
32.1392449273
28.1149308946
26.8187544081
28.5649414063
24.5465291341
33.0986124674
29.1177130805
31.3229200575
35.9861246745
36.0864240799
35.1159667969
35.2701483832
34.0802171495
35.3777703179
34.1729159885
32.3284844293
26.5447896322
30.2986246745
25.7055851209
28.1954837375
33.6170213487
31.4124993218
24.4815979004
33.1079915365
31.9715237088
34.9309082031
23.2920057509
22.4100562202
28.7267320421
30.217698839
35.9784851074
29.9288228353
nan
37.7927076552
31.0440979004
44.6579759386
31.1833292643
9.1875
0.743055555556
5.83680555556
6.10416666667
0.295138888889
0.0
44.1447923448
31.0760328505
53.8923611111
50.1999986437
44.8531155056
53.0975680881
35.3003540039
31.1399332682
0.295138888889
0.0
31.6381971571
32.2059020996
46.5441046821
38.3798556858
0.0
0.0763888888889
37.7066040039
33.2534722222
35.5499911838
34.3222962489
46.9777696398
45.2104119195
41.3184034559
47.6815931532
0.0
0.0
31.0406358507
39.4930521647
33.8302103678
38.6434088813
40.4545084635
35.0451490614
34.510439351
41.2215270996
34.7871568468
36.8680623372
0.0
0.0
0.160278745645
0.100694444444
50.3100721571
0.0
45.3434041341
44.855190701
0.388888888889
2.61805555556
0.104166666667
0.0
45.0014004178
43.8159790039
0.0
0.0
0.0
0.0
40.7822977702
43.8614501953
0.826388888889
0.111111111111
44.9454956055
47.0847371419
0.0
0.0
44.4173617893
46.5468716092
2.91666666667
0.0
42.4875013563
46.7170138889
7.65625
0.0
43.4187520345
46.7267252604
0.0
0.731707317073
39.9677157932
31.6458367242
35.5996466743
0.0
39.8649359809
