27.5326300727
24.490620931
28.5864664714
28.9670172797
25.765979343
27.2395782471
23.5125071208
25.4586825901
23.6083357069
26.0781334771
29.7517293294
31.1767171224
32.1888834635
17.336452908
23.6711968316
20.1319410536
28.5166727702
26.5109158368
16.8736063639
28.0298563639
nan
29.8913167318
33.7798597548
33.006993007
34.5069376628
31.7791714138
31.3913133409
29.9156188965
27.8715176053
30.8954874674
40.165286594
31.4416605632
32.8100653754
31.6048651801
30.9677157932
38.6246527014
33.422217475
31.2149386936
31.31737264
25.1941121419
31.7440897624
38.5222235786
45.9913262261
47.616672092
42.8028060806
35.0555521647
36.7461886936
39.2020704481
24.4413197835
38.1111178928
31.9632025825
36.3777737088
37.5151470346
33.8413153754
39.1458435059
29.8142327203
30.4704928928
31.0812479655
26.6458265516
28.6427035862
31.0734265734
32.832631429
32.4409722222
27.262157864
27.1124996609
26.5885416667
26.554223289
24.442018297
27.1381903754
34.7433347902
31.2923583984
nan
nan
27.6833462185
29.0777926975
32.18732807
37.2201538086
34.8020799425
30.594801161
35.5538160536
31.4274258084
34.7840270996
32.1570340009
43.2434048123
45.1527608236
43.0711669922
42.9496319111
43.1176927355
38.8659735786
44.4739685059
47.5750054253
47.1131591797
42.4715237088
35.4841583682
35.4232788086
49.383670383
28.8986138238
38.8357713487
41.075700548
32.2451477051
35.6058824327
19.1895853678
19.703467475
33.728129069
27.8739657932
33.7277832031
28.9319593641
33.7693627586
34.1097242567
39.2246466743
40.4406263563
32.1857774523
30.4725613064
31.2784762912
28.8725619846
30.7170206706
30.59894477
36.5176866319
29.822909885
32.9145846897
39.5972357856
33.3288302951
37.3843824599
34.7045321994
31.3375142415
29.9888983832
36.8826463487
31.1465454102
38.4801974826
37.5823126899
33.0687391493
34.0812174479
31.2225748698
36.536971831
42.7062547472
37.3555569119
33.3656141493
36.6368035211
33.4534437391
45.0815870497
37.3791036041
38.0711669922
36.9499952528
33.8864508735
34.9138861762
38.2149285211
35.9624938965
35.5848440251
40.8506876628
52.4371541341
38.1371493869
46.5701395671
39.9031100803
43.3336825901
35.8229031033
48.5159912109
41.8166605632
35.2885369195
36.116374265
38.6791687012
44.7284783257
46.6788262261
45.1340298123
45.7343546549
48.502790663
49.3784654405
56.0597025553
48.7513766819
58.1163194444
51.5739474826
59.4232991536
52.3197903103
63.2298516168
69.9003424846
53.6118062337
48.0069308811
47.697909885
30.5586886936
33.4499986437
36.3486090766
30.5177171495
35.7895914714
27.2420094808
30.4312506782
26.2156304253
27.1989559597
31.7513766819
26.0880247304
27.07293023
31.5649278429
38.3170199924
32.509379069
29.7128431532
nan
24.0059000651
22.7878434923
21.940967136
26.8402726915
24.3503485786
27.413901435
22.7513953315
26.6698015001
24.2048678928
29.1319478353
27.6870219984
26.3288133409
26.8239627414
26.7487698739
27.6433953179
27.0677134196
27.7684004042
33.297184474
34.9010314941
24.547229343
26.8329823812
21.3378499349
35.4430711534
28.7562493218
26.8329806858
22.2420077854
nan
31.3840332031
29.8347303602
32.0062527127
28.6909586589
35.9267340766
24.6163279215
25.3670128716
30.8465304905
nan
nan
44.5451388889
41.7121480306
37.2138943142
43.9499782986
37.148248377
33.000342475
32.0187344021
28.6058959961
31.6486070421
33.0201483832
39.883327908
31.1315917969
nan
29.4725613064
22.9781222873
nan
35.1732652452
39.7885674371
35.6347079807
35.771870931
31.2013972356
28.5349633277
28.8097127279
26.5968729655
29.1482510037
32.7295159234
36.0866183429
33.0306344905
41.2072957357
38.1694403754
46.7822740343
31.1951361762
42.0906202528
27.2333374023
59.3079766168
60.4149237739
30.8913201226
31.5181825011
33.6725633409
33.3940904405
32.1371561686
36.1326429579
28.8145751953
32.3138800727
28.1450556366
30.5895792643
27.740963406
26.8670077854
28.0572882758
31.2812567817
27.8253546821
27.8451300727
31.6236165365
28.4569430881
26.0253380669
26.9461771647
39.3086819119
34.1840142144
51.578467475
43.3968743218
30.2267354329
34.6090223524
28.971540663
32.8256973482
nan
24.6572875977
22.4545033773
22.0725623237
26.4680396186
22.0777689616
26.4680396186
22.0722130669
26.468041314
22.0739491781
26.4680430094
23.8656277127
22.2954830594
23.8656277127
22.2951338026
31.4711710612
24.545489841
31.4701300727
24.5447964138
4.92473876102
0.677083333333
11.3833329942
1.01388888889
5.77083333333
4.17569435967
nan
nan
53.2093777127
43.4090237088
26.4736090766
24.2302212185
37.4677259657
31.3368021647
39.0962049696
47.5552300347
53.066341824
47.048977322
37.7760450575
34.816217127
34.0715162489
39.9663085938
34.5857815213
37.5399339464
24.9791615804
24.9774254693
44.7368096246
29.6999986437
42.4461771647
46.2826504178
nan
55.1049136513
52.6635538737
71.469780816
71.6454739041
19.9479115804
27.2909732395
28.6663208008
21.0309041341
67.8107842339
68.6385565864
69.1097140842
69.5597195095
58.4562784831
67.2555609809
59.023586697
67.1152750651
60.9305691189
62.1183742947
61.1558837891
61.0429756272
45.9638637967
48.1499871148
44.078467475
45.0156216092
49.1166822645
47.6781243218
47.1982693142
48.3489549425
53.1687554253
49.8142259386
44.2152777778
33.5538262261
23.5576375326
49.7187635634
40.4315965441
18.2156253391
0.0416666666667
4.7961807251
38.0951436361
nan
42.6659647624
47.3489752875
39.9228756327
37.7871568468
35.2798563639
37.3958231608
24.665274726
32.1802130805
33.0225694444
35.8063059987
26.8916778564
28.3628455268
26.6243065728
31.2350633409
35.8743082682
35.882297092
37.7045152452
30.1031188965
35.9680480957
28.5163099501
32.5350646973
27.3170115153
26.2319369846
28.6555616591
25.7635464138
33.7339242788
28.5503472222
30.8062405056
35.049299452
35.3447231239
34.1788194444
34.507297092
33.7958509657
34.997575548
33.96875
32.5430467394
26.5430399577
29.9944424099
25.8028117435
27.8909725613
30.7343648275
30.4034525553
25.754518297
33.6843838162
30.7749905056
34.0260416667
22.2774353027
21.7124972873
27.7781219482
29.6423678928
34.4920043945
30.2458292643
nan
30.9510294596
23.5142347548
36.3253411187
24.210067749
1.40972222222
0.0
0.836805555556
0.381944444444
0.0902777777778
0.0
38.1656155056
23.7076365153
54.433336046
48.3551940918
41.2291632758
53.8590189616
37.2284681532
30.9170125326
1.90972222222
4.15625
32.1704949273
29.876051161
47.8347269694
36.77378237
0.0
4.25347222222
39.6944444444
33.0579969618
35.1190965441
33.717261086
48.1083102756
43.7166612413
42.336452908
43.9128485786
0.0
0.666666666667
32.8326416016
39.1499972873
35.9781188965
40.033674452
43.3080003526
34.4614562988
36.8464940031
42.0697937012
37.391676161
36.4493069119
0.0
0.0
0.0
0.208333333333
2.06597222222
6.33402760824
43.6868082682
48.2763841417
0.527777777778
0.739583333333
0.0451388888889
0.0
42.6145663791
44.7274305556
0.0
0.179577464789
0.0
0.0
34.7454867893
45.0364752875
15.96875
0.618055555556
41.884036594
47.2440863715
0.0
0.0
41.3527798123
46.7982652452
0.0
0.0
40.0142381456
47.2003445095
0.0
0.354166666667
38.5152757433
46.5669996474
0.0
0.80487804878
31.2121548123
31.1461758084
35.5902811686
0.0
38.6763983832
