27.1250101725
24.2618035211
28.1781192356
28.6805555556
26.360071818
26.8659735786
24.3989512126
25.541325887
16.8256920709
20.5930582682
22.7208302816
24.046875
21.6739603678
16.6937493218
15.9899275038
22.6180555556
16.9458346897
30.7354475055
14.0986082289
23.4031202528
nan
29.5364549425
33.4312574599
32.3210663377
33.6323038737
31.4315965441
30.5711975098
29.3284776476
27.6086815728
29.7597249349
38.5520799425
30.6000027127
32.6753472222
30.9322984484
30.2368062337
37.3926123904
32.5708448622
26.7045186361
30.7402818468
16.8652801514
21.9680497911
37.7670321994
45.2045084635
45.6680636936
41.6126233553
34.3507147895
35.975704617
38.6666700575
24.4760504829
37.3347269694
31.8107706706
36.08887736
37.2554447643
33.1652764214
38.3454827203
29.8815951877
29.9229193793
31.457631429
24.7558983697
27.5968780518
30.2561369243
32.6451382107
32.4277954102
25.6913130018
26.2423655192
26.3343760173
26.4035087719
24.8222130669
26.7256910536
35.0326343202
31.3840298123
nan
nan
26.6503482395
25.7902798123
31.9052563048
36.9826422797
34.8503350152
30.7243075901
34.6204969618
30.7746446398
33.9878404405
32.5235094572
41.9815741645
44.0749986437
42.4624938965
41.6894599781
42.6836853027
37.802090115
44.1132100423
46.8305664063
45.8170098199
42.4951341417
35.1922971491
35.2465413411
49.304172092
27.5624949137
39.0909627279
40.7239685059
31.7742987739
35.7416653103
14.4628482395
13.6576377021
32.7423604329
26.7635447184
32.7416653103
27.8711853027
33.4652549342
33.1357659234
37.9968804253
39.2486029731
31.1531304253
29.8809136285
30.1572977702
27.7503475613
30.3128560384
29.5506896973
36.491651747
28.4222208659
32.4742974175
39.2586975098
32.8111097548
36.9753587511
34.670844184
30.9611036513
28.2954915365
36.6784566243
29.6486002604
37.9371643066
37.0885450575
31.5586785211
33.772579617
29.6350809733
35.1168311404
41.6093817817
37.0260450575
32.4850633409
36.3079833984
32.6482679579
42.4736395942
36.6774359809
38.8204956055
36.8784654405
35.0788201226
34.8506978353
38.3892144097
35.9597337511
35.6645730537
40.9951239692
51.0531141493
38.5152587891
45.4055447049
39.580549452
42.4308980306
35.5968729655
47.6302117242
41.1972215441
35.6392381456
35.9232652452
37.8114624023
43.7881876628
46.7253519694
44.1423611111
44.9663119846
46.4301995171
49.0409817166
55.0000237359
48.1295166016
57.4302164714
51.238881429
59.007297092
51.5631747776
62.7482910156
69.8796189693
52.8923611111
38.3343573676
45.1284959581
30.2576395671
32.973965115
35.8753662109
30.0618014865
35.3909776476
26.903825548
30.1277838813
25.6472151015
26.4510396322
30.913547092
25.7631647478
26.5486009386
30.7871466743
35.0003390842
32.1256883409
29.0951368544
nan
22.3628404405
22.7909698486
20.2652740479
26.2763926188
22.5652821859
28.0847218831
21.2847154405
27.6288146973
19.8982679579
21.3149329291
23.9136872944
19.4187503391
23.0177086724
20.5003597862
26.0604214138
25.3125067817
27.6454908583
33.5971868147
33.7847222222
25.2607591417
24.7538231744
19.4941050212
33.893758138
28.328479343
24.7538248698
19.3072916667
nan
30.9815911187
29.6795043945
32.5833333333
25.8170233832
35.1867879232
17.5611097548
23.4378441705
31.0593804253
nan
nan
44.723256429
34.6604037815
37.6132302101
35.7308993869
26.9147341009
33.2177124023
26.7722303602
28.8840298123
23.331592136
32.6024407281
39.1038309733
29.0545213487
nan
28.227420383
17.8333367242
nan
35.1222229004
40.2611050076
36.3166707357
36.0295274523
31.5224712171
28.7428008498
28.0343763563
26.3434109158
28.3492957221
32.8517523872
35.5673691064
32.5238555373
41.1315985786
38.1503499349
48.7708570692
31.2899373372
44.7538350423
27.0701378716
59.747918023
59.2489352756
29.7566019694
30.8312260143
33.0437554253
32.2614508735
30.8052164714
35.200700548
27.6135491265
31.4597303602
27.4978943942
29.4389038086
26.6916554769
26.0503540039
27.0909661187
30.9340243869
26.9524214003
26.8961842855
30.5906304253
27.7777794732
25.1819390191
26.3375006782
37.8760409885
33.9145745171
48.6197950575
42.3816019694
28.4229244656
34.3222215441
26.9250064426
32.2666666667
nan
22.9291636149
24.0371432834
20.1121605767
26.6621466743
20.1128556993
26.6607581245
20.1121605767
26.6607581245
20.1121605767
26.6607581245
24.6378377279
18.8184017605
24.6392262777
18.8288235135
30.7475619846
24.7958153619
30.7475653754
24.7926890055
3.52708329095
0.180555555556
9.85069444444
1.01736111111
5.85069444444
3.35972213745
nan
nan
48.8927171495
42.5291578505
24.2989552816
24.350704617
36.6812506782
31.6944274902
38.0402764214
46.3190951877
48.785413954
45.964243571
36.2440863715
34.8108586897
33.7607896593
40.2357686361
25.7729085286
29.3534681532
18.1076338026
18.1076338026
44.7993028429
29.470489502
42.0736219618
44.1069471571
nan
54.3350705866
50.5798407661
69.683315701
70.0308837891
18.6871490479
20.4440951877
28.2510325114
23.2999996609
67.8187594944
68.3121676975
67.0357666016
67.9343939887
57.2642415365
66.66668023
57.8302001953
65.8753390842
61.0037909614
61.7288072374
61.2784559462
60.9403645833
45.6565755208
47.8364630805
42.649275038
43.9270799425
47.4847140842
46.8569607205
46.8940836589
46.9138726128
52.2340155707
48.0715467665
20.3368055556
24.8680589464
20.4916653103
30.1482611762
43.147579617
14.1805538601
0.0
5.49861102634
39.9579840766
nan
41.7690972222
48.0749850803
40.2635211075
37.467719184
33.9760369195
36.6725735135
23.9336751302
32.2597181532
32.1826443142
35.0119311952
25.9941050212
26.9541575114
25.4451412625
30.5333251953
35.9899291992
35.8274230957
36.7124871148
31.0138888889
35.0618150499
27.6673583984
32.1427239312
27.705903795
26.3767225477
28.8652784559
25.9145796034
33.7835149397
28.229514228
29.7336764865
33.3715243869
34.15824767
32.6378275553
32.9989590115
32.8027716743
34.1920267741
32.3003540039
31.6392313639
26.4138760037
29.4277818468
25.7021038925
27.7524346246
30.5052117242
29.3458421495
25.8621487088
33.6111212836
30.4815979004
32.3048536513
19.4986131456
17.756942749
24.9607628716
29.1003451877
33.3822903103
28.5413140191
nan
24.1770850288
21.5055525038
30.6930440267
21.8020799425
0.6875
0.0
0.243055555556
0.694444444444
0.388888888889
0.0520833333333
28.6305541992
21.6770816379
45.9500088162
41.3312615289
35.9927164714
44.8805474175
28.0343763563
23.3781229655
0.159722222222
0.0
24.6031273736
22.4538150363
38.9076470269
28.1204986572
0.0
0.0
31.6305541992
24.1524268256
29.1197882758
24.5898300439
40.1506958008
35.9788140191
34.0420227051
35.7322964138
0.0
0.0
26.8232625326
29.2854241265
30.0545179579
29.3295084635
36.7617967394
23.9503377279
30.1947402686
31.7774285211
30.6774359809
26.9270850288
0.0
0.0
0.0
0.0
1.16319444444
0.0
36.0013766819
39.3455064562
0.288194444444
0.402777777778
0.0451388888889
0.442105263158
35.9197862413
36.3822801378
0.0
0.0
0.0
0.0
30.4642333984
36.4777798123
0.295138888889
0.524305555556
34.1739535862
40.0614590115
0.0
0.0
34.3388875326
40.3913133409
0.0
0.0
32.4812350803
40.820505778
0.0
0.0
33.5805392795
38.7340257433
0.0
0.0
25.0857747396
24.5420125326
26.9444376628
0.0
33.4086812337
