27.9246504042
25.6444515652
29.2763841417
29.6704847548
26.6937527127
27.3215213352
24.6277635362
26.0736117893
18.3052147759
22.663547092
24.5425213006
26.7156338162
32.7874891493
20.9371524387
19.0621490479
32.3760477702
25.3624979655
42.1648008765
24.1958363851
33.4350721571
nan
29.6774359809
32.9489542643
32.424045895
33.8569403754
31.646891276
30.9888949924
30.2791646322
28.9930555556
30.2427130805
39.0389065213
31.7701483832
32.5232645671
31.2683987088
30.6614549425
37.9296092389
33.4156256782
31.7350565592
32.1149291992
25.5465376112
32.4868096246
39.5552334256
46.5385301378
47.9142388238
43.2825804388
35.8114624023
36.6586812337
41.8652682834
25.3500010173
39.191684299
33.6541646322
37.3381890191
37.8393741834
33.7666795519
37.2374844021
29.6295166016
30.5354037815
31.8590359158
27.0381876628
28.6045159234
31.4947735192
32.1437513563
31.9822828505
24.6888868544
26.0760447184
27.1555464003
28.7916417139
25.2461751302
27.7826470269
35.1038218641
31.7756991916
nan
nan
27.9975721571
30.73956977
32.8324191529
38.6170145671
35.7552049425
31.0430704753
35.1260443793
31.9076368544
34.2322828505
32.6017292302
43.4569498698
42.7166578505
41.3156161838
43.1846826002
41.8986036513
39.3513895671
42.6100802951
45.422926161
46.3482666016
42.111456977
34.4498312282
35.1701388889
47.6472235786
29.1055603027
37.8027581109
38.9274359809
30.8173692491
34.7381795247
19.8666653103
22.616317749
32.6388990614
26.8708292643
32.6378546821
28.0250074599
33.3780487805
32.1052042643
38.5746459961
37.1020865091
30.9982537164
28.640967475
30.53125
27.7815907796
30.484032525
29.7534688314
35.703482279
28.5299688997
32.7613274445
38.1489562988
32.8218756782
36.1433953179
35.752081977
30.9816012912
29.1433987088
35.7840372721
30.5954717443
39.1354268392
38.3597276476
32.4104207357
35.1013929579
30.6277804905
37.1839714449
42.0836724175
37.8777804905
33.2574926503
36.6447991265
31.7999911838
43.8802015516
36.8902507078
38.5875006782
36.7913208008
34.4670138889
34.5947842068
38.7564548399
35.7531229655
35.08571973
41.3388705783
52.1944410536
38.2825906468
46.2180379232
40.2128736708
43.3809136285
36.3958333333
48.3795199924
42.2534688314
35.7687445747
36.5000068053
37.7048611111
43.9021097819
47.8874605292
44.8777770996
45.0538160536
43.5774264865
48.8470301611
53.039920383
48.230211046
56.9423692491
51.2652757433
59.2770996094
51.8774278429
61.9725409614
70.0759404943
54.6871507433
50.9948075457
46.3559095595
31.1739468045
34.1739637587
37.3920254178
31.1524353027
37.0891938426
28.6447753906
29.7395731608
26.9111090766
28.1180504693
32.2340460883
26.7149883629
28.8340386285
32.7215135362
38.4128987914
32.7017449273
30.4152730306
nan
25.0715315077
24.1944529215
23.2871517605
27.3833363851
23.8645833333
27.3243018256
23.1027781169
26.982989841
24.543065389
28.1795230442
27.6069693216
26.7611100939
26.3173658583
27.233100705
25.6184014214
26.3114539252
26.474995931
32.7505308145
32.3364461263
23.8333468967
25.6420152452
25.3038317318
35.4159749349
26.4874911838
25.6420169406
25.2840237088
nan
30.1156243218
28.2739613851
30.6951219512
29.5604078505
35.8642374674
27.7097151015
26.5027804905
34.7416551378
nan
nan
45.0756768121
41.883005778
37.8533046603
44.0746392144
37.1717831283
32.9090101454
31.2336798774
28.6868082682
31.6934000651
34.3215433757
38.8430514865
30.4041646322
nan
31.4663221571
25.0472225613
nan
35.3833448622
39.3125101725
35.5389031304
36.2086927626
31.0125626089
28.0383241235
29.4024149577
26.9361216227
28.6111111111
32.9065789117
35.23415723
32.56342212
41.1659647624
38.1816101074
47.639960395
30.4260321723
43.5444607205
27.0819430881
57.6652832031
58.1520724826
29.7642347548
30.7463557546
33.3656175401
31.6472337511
30.190612793
36.2947964138
27.365975274
31.5034756131
27.1236967824
28.6767340766
26.4013926188
24.8184034559
27.4545084635
30.3065965441
27.529168023
27.4177042643
30.8906216092
27.9097239176
25.5107608371
26.0406341553
36.9253540039
33.0635342068
45.8743082682
40.1489495171
29.9892306858
35.1934000651
28.8423529731
32.5348466082
nan
25.1857621935
23.3215348985
24.3427242703
26.4777696398
24.344458686
26.4777696398
24.3427225749
26.4781155056
24.3437652588
26.5703737478
24.8545125326
22.7604166667
24.852774726
22.7597249349
31.1857571072
25.414932251
31.1850619846
25.4184044732
3.75888518755
1.64236111111
11.5333328247
1.85017421603
7.12222205268
3.89999983046
nan
nan
44.319776747
40.8536483286
27.1138949924
26.3432089776
37.9350687663
32.2020840115
37.2418098051
48.0534769694
44.479159885
43.2263895671
34.0742797852
33.4038239057
33.5183987088
39.9489542643
34.6795179579
37.6753506131
32.1538187663
32.1538187663
44.5201517741
30.2784729004
44.0442447463
44.4045071072
nan
54.9905780433
50.73924764
70.6045193142
70.146206326
22.5593736437
27.3111063639
35.2270812988
29.5833265516
68.2534654405
68.9753214518
68.3734960257
69.4585624456
58.1635335286
67.3798489041
58.0705091688
65.9274156359
61.764573839
63.1687486437
62.0420057509
62.1261432927
45.7434014214
47.8628472222
43.2514038086
45.1100735135
49.1812676324
47.9708455404
47.4579874674
48.389251709
53.6423475477
49.3187493218
29.4670172797
37.211473253
27.7885453966
40.3156229655
55.279510498
17.6746470133
0.121527777778
7.55486128065
47.7993062337
nan
42.5107591417
48.2045118544
40.2916417139
38.0371636285
35.0184020996
36.6149859811
25.6111246745
32.5069308811
33.0670132107
35.0672535115
26.8614620633
27.6697913276
27.29443868
30.8704833984
36.0486043294
36.6239420573
37.7791714138
31.6194424099
35.8555365668
28.6569519043
31.9031338162
28.565955268
28.022922092
29.1400669643
25.7683987088
33.6100963632
28.3840332031
29.787099167
33.8399488661
33.837989302
32.8083597819
33.6208258735
32.3510572645
33.6631944444
32.8347303602
31.6152886285
26.5226514863
29.7079671224
25.7703785115
27.6947987874
31.430911594
30.1243150499
25.7798614502
33.5951334635
31.6447957357
33.4857190494
23.3131934272
22.5694478353
28.0888858371
29.2486131456
34.5677083333
30.2507052951
nan
39.6731782176
31.7531297472
47.388885498
32.0677218967
0.541666666667
0.534722222222
0.488888899485
0.545138888889
0.496527777778
0.190972222222
45.8246595595
32.0072937012
54.8184068468
52.444454617
47.769788954
54.127790663
37.1690775553
35.052278419
0.159722222222
0.0
35.5187547472
34.1461554633
50.8875020345
41.6721301993
0.121527777778
0.0
43.3770785862
36.8298441569
41.2142333984
38.1243603005
51.4777091953
48.7194519043
45.69269477
48.2937588162
0.0
0.0
37.8979168935
41.0267401801
39.461795383
40.8239678277
46.8204956055
37.9104071723
40.8261276405
43.0492926704
40.5180630154
38.2392408583
0.0
0.0
0.0
0.0
3.0
0.159722222222
48.3764071994
51.1673617893
0.0347222222222
0.243055555556
0.0
0.0
46.8270874023
47.0819464789
0.0
0.0
0.0
0.0
43.4524332682
48.6798502604
0.5
0.590277777778
47.9350585938
53.1468573676
0.0
0.0
46.5477358722
52.4256998698
0.0
0.0
45.4038085938
52.5048623966
0.0
0.159722222222
46.5256991916
51.3896009657
0.0
0.0
40.7437438965
35.5208435059
28.6743130154
0.0
34.9246588813
