12.0979020979
10.8444055944
13.2902097902
13.472027972
10.2727272727
11.201048951
9.06293706294
10.1468531469
6.45454545455
7.59440559441
14.534965035
9.06643356643
12.6643356643
5.76573426573
3.55594405594
0.0
0.0
0.0
0.0
0.0
nan
13.0898591155
14.5807712795
14.1436204843
14.8223783053
13.6765742802
13.7653851276
13.4230769231
12.972027972
15.2185314685
18.7867132867
13.5122377622
14.8181818182
12.3356643357
12.7674825175
17.4787985866
13.6381118881
13.3496554715
14.5615456321
9.05769230769
13.8024475524
17.5979020979
20.958041958
22.2202797203
20.5585106383
15.7814685315
16.2587412587
18.5734265734
9.31818181818
17.986013986
15.277972028
15.6996455693
17.7791553942
15.3472038216
17.9503540893
13.1874154898
12.9370612298
13.6234241832
11.3038475197
12.9545454545
13.8148894614
14.0048930562
15.0832195149
27.8695759807
11.559788844
10.7744755245
10.0247349823
12.0576923077
13.0926573427
14.0992916459
16.9856674088
nan
nan
10.4842657343
10.7272727273
15.5141342756
17.7762237762
16.469933143
13.7132867133
16.5601439576
13.7937062937
15.5391598148
15.2660804991
19.5045447716
19.6531478775
18.7520897072
19.4989368628
18.7304175317
15.8888101644
18.8314661413
21.3531485604
20.7510465609
19.0230789718
16.5795104765
14.8720310451
22.0881108637
11.8552450967
18.165387347
16.9220286549
11.5615405103
16.710845307
6.12587412587
0.811188811189
15.8849653764
11.8104905349
15.8849653764
12.4461550412
16.2614840989
14.1807724746
17.9947501229
16.6699304114
14.5146894122
12.9744762074
14.0706300535
12.3332169539
15.0377581403
14.2737789554
16.2645610609
12.7350877193
16.2814702387
17.9601384943
16.2947596837
16.7122418597
16.4440576513
14.9489507075
13.4618901606
16.61433464
14.2519291393
18.5958021471
17.963285006
15.5384615385
15.9465024721
14.4706280048
18.5275628727
19.9779710036
17.4521040483
15.077274776
16.792654611
14.9937086839
19.0062913161
16.520703125
18.151746203
16.9639815751
16.0909107982
15.5398563839
17.85859375
16.1706218586
15.9890404152
19.3982496995
23.701048951
19.4475558621
21.5510509998
20.0604922421
19.6199276797
17.3583933157
22.1146795099
20.297897659
15.9832123443
17.9992992736
16.0255254999
20.1370619127
21.870274257
21.0961504316
21.6111949574
22.4835640434
24.8270199424
26.0769230769
24.1066467712
25.6307705966
26.0660835746
27.9594350962
28.0506993007
30.060485413
31.4593639576
29.6853146853
7.41052631579
22.7185314685
12.979020979
16.4965034965
17.034965035
14.5716783217
16.8649122807
12.0874125874
13.72692615
11.9982508946
12.3031475361
15.2031489019
12.6116611225
12.1279723694
16.1402135462
18.663637388
15.3367108965
13.859790722
nan
8.91083916084
8.68356643357
8.06818181818
10.6573426573
7.58391608392
9.92832167832
7.11188811189
9.86888111888
9.64160839161
11.5192307692
12.6081560284
9.85664335664
10.8531468531
9.40780141844
11.7517482517
9.57342657343
11.3006993007
15.6042402827
15.6363636364
7.32867132867
8.53146853147
0.926315789474
2.07692307692
13.0034965035
8.53146853147
0.923076923077
nan
24.7419587249
11.4020979021
26.9332164418
4.55594405594
31.0839160839
4.58041958042
23.7762237762
15.493006993
nan
nan
21.1188811189
6.88461538462
35.2154902069
7.37412587413
18.6632515735
14.5821678322
20.0870608883
11.8269230769
12.5209798746
13.3566433566
40.7482483337
10.5122377622
nan
13.5174825175
6.84090909091
nan
17.9548954464
19.2461535047
15.7381173514
18.0020965363
14.3996452169
11.4996450438
11.082517824
8.91118915264
12.2241262156
14.846503838
17.6035328788
15.2826855124
19.390908408
16.910489169
25.9360146689
11.3807688893
23.88706362
9.01468514396
23.3374125874
26.9038461538
12.1989515611
14.092905031
14.3433590335
14.2104876325
12.4087426246
17.4223735249
10.9741262156
13.2646877049
11.5600706714
12.6251749959
10.9248243212
10.1087450148
11.3304221413
13.3643363472
10.4919587249
10.5230789718
12.0241263863
11.3234291343
9.97167798022
10.4818192062
14.6958007813
13.5639887456
17.9426559768
15.5552423651
13.5129368922
18.591957359
13.2349648642
12.0554768593
nan
6.55244755245
6.17132867133
6.62937062937
5.79370629371
6.62937062937
5.79370629371
6.62937062937
5.79370629371
6.62937062937
5.81403508772
4.51748251748
6.08041958042
4.51748251748
6.08041958042
6.47202797203
8.24475524476
6.47202797203
8.24475524476
0.0
0.0
0.0
0.0
0.0
0.0
nan
nan
16.0576923077
15.7930046028
10.9178321678
9.51223776224
18.2797202797
15.7884615385
14.9842657343
22.4024444793
16.0916090745
16.6174879808
11.4744753537
12.8614859969
15.3926634889
17.9951069438
4.23076923077
4.80769230769
0.0
0.0
20.0122377622
12.0104895105
20.3688811189
18.969933143
nan
23.5290717808
23.0937056108
34.2234245247
33.718528054
0.0
0.0
1.44230769231
0.0
30.513986014
31.8206300535
33.6550884046
32.094729989
29.7360174006
30.3304195804
30.1167777535
28.7307692308
26.8982531141
31.7804202633
26.9143356643
31.5759648299
21.1220344597
25.2248279065
20.0241238254
23.2269244427
20.8332161003
24.5013965527
21.3262248006
24.2234194029
24.126922394
26.2153849568
0.0
2.62937062937
0.0
0.0
0.0
0.0839160839161
0.0
0.0699300699301
2.38111888112
nan
20.3444055944
23.2482517483
17.7809187279
17.291958042
15.4388111888
17.5506993007
10.1104949738
14.6783285074
16.3856704819
16.0404303801
12.4685314685
12.7307692308
11.2972027972
13.5034965035
14.6853146853
16.006993007
19.1713286713
13.4335664336
16.8076923077
12.4493006993
14.2027972028
12.2185314685
10.4055944056
13.7674825175
9.07342657343
11.6063829787
13.0195858829
14.5461613582
15.8024475524
13.6961130742
16.6118881119
15.701048951
15.5297202797
18.2727272727
15.5807781086
14.6965110085
10.9975534719
13.2555956007
11.4367494617
12.8828705474
10.9755244755
11.8776223776
9.06643356643
11.472027972
12.6276223776
14.4421052632
7.86713628169
7.87133106152
13.4545454545
13.020979021
15.8863636364
11.6940559441
nan
0.0
2.23776223776
0.0
2.23776223776
0.0
0.0
0.0
0.0
0.0
0.0
0.0
2.23776223776
14.0
11.1573426573
11.3146853147
13.9020979021
6.65734265734
6.82517482517
0.0
0.0
5.87412587413
7.06643356643
6.3986013986
9.6350877193
0.0
0.0
9.21678321678
7.71678321678
4.8951048951
7.88339222615
13.6888111888
10.2482517483
10.7727272727
9.93706293706
0.0
0.0
7.0
4.03671328671
6.63986013986
7.50174825175
10.208041958
6.03146853147
8.80035335689
7.28846153846
8.55769230769
8.46853146853
0.0
0.0
0.0
0.0
0.0
0.0
10.8461538462
12.7097902098
0.0
0.0
0.0
0.0
9.31818181818
11.3076923077
0.0
0.0
0.0
0.0
8.40559440559
11.3146853147
0.0
0.0
9.85314685315
13.3986013986
0.0
0.0
9.5649122807
12.2447552448
0.0
0.0
9.48251748252
11.8426573427
0.0
0.0
9.93356643357
7.18881118881
0.0
0.0
0.251748251748
5.65384615385
9.29370629371
0.0
9.41608391608
