19.0,0.0,2.7,79.0,1006.9,
19.3,0.0,1.7,76.0,1006.9,
19.5,0.0,1.6,79.0,1007.5,
20.2,0.0,2.3,75.0,1007.4,
17.4,0.0,2.9,86.0,1000.1,
22.1,0.0,2.4,61.0,1007.6,
19.5,0.0,2.6,77.0,1007.3,
18.6,0.0,2.1,78.0,1007.2,
18.2,0.0,2.3,77.0,1006.7,
17.7,0.0,2.2,77.0,1006.4,
10.6,0.0,2.9,82.0,1008.2,
15.7,0.0,2.3,69.0,1010.0,
15.4,0.0,1.7,71.0,1010.4,
13.7,0.0,2.1,79.0,1006.1,
8.0,0.0,2.5,78.0,1017.0,
7.9,0.0,1.6,69.0,1016.5,
9.6,0.0,1.9,62.0,1008.1,
13.8,0.0,1.6,76.0,1002.5,
13.2,0.0,1.8,49.0,1006.3,
11.6,0.0,2.8,60.0,1005.2,
11.0,0.0,2.5,61.0,1002.2,
13.0,0.0,2.7,84.0,1005.8,
12.2,0.0,2.6,88.0,1007.1,
2.6,0.0,2.3,47.0,1013.0,
1.3,0.0,2.6,88.0,1011.9,
6.3,0.0,2.0,76.0,1009.5,
-1.6,0.0,2.8,63.0,1010.7,
-2.2,0.0,2.0,60.0,1016.9,
4.8,0.0,2.9,67.0,1016.2,
2.6,0.0,2.6,81.0,1002.6,
-3.0,0.0,2.5,70.0,1012.4,
-2.9,0.0,1.7,74.0,1017.3,
-1.8,0.0,1.9,67.0,1019.7,
8.2,0.0,2.8,57.0,1001.5,
6.0,0.0,2.9,72.0,1002.0,
3.4,0.0,2.4,75.0,1003.2,
-8.3,0.0,1.9,72.0,1018.9,
5.5,0.0,2.2,54.0,999.7,
9.7,0.0,2.8,59.0,1008.3,
12.0,0.0,1.6,53.0,1007.7,
7.7,0.0,2.6,82.0,1006.8,
11.6,0.0,2.0,37.0,1010.6,
10.7,0.0,2.5,99.0,1000.0,
10.5,0.0,2.9,99.0,999.9,
9.5,0.0,2.7,99.0,1002.1,
11.9,0.0,2.1,90.0,1001.5,
11.1,0.0,2.0,92.0,1001.9,
13.3,0.0,2.0,71.0,999.3,
18.0,0.0,2.3,53.0,1002.5,
15.4,0.0,1.6,77.0,996.9,
14.5,0.0,1.7,71.0,1003.6,
16.2,0.0,2.4,65.0,1002.0,
15.4,0.0,2.8,71.0,1002.4,
19.0,0.0,2.8,38.0,996.0,
19.6,0.0,1.8,39.0,1003.9,
23.0,0.0,1.7,39.0,1004.4,
23.9,0.0,1.9,38.0,1002.8,
22.9,0.0,2.8,40.0,1002.2,
18.9,0.0,2.1,98.0,993.2,
19.1,0.0,2.9,92.0,992.8,
18.1,0.0,2.5,92.0,993.3,
18.4,0.0,2.4,88.0,993.6,
20.1,0.0,2.7,73.0,998.5,
18.9,0.0,2.5,85.0,997.5,
20.0,0.0,2.3,78.0,1003.6,
27.0,0.0,2.8,42.0,992.7,
24.7,0.0,1.7,48.0,993.4,
24.1,0.0,2.7,56.0,993.2,
23.1,0.0,1.9,64.0,993.0,
27.0,0.0,2.7,47.0,993.2,
27.0,0.0,1.6,46.0,992.4,
26.4,0.0,1.8,64.0,991.9,
25.2,0.0,2.7,68.0,992.0,
20.4,0.0,2.1,89.0,997.2,
20.8,0.0,2.1,84.0,997.6,
22.5,0.0,1.6,86.0,997.7,
25.5,0.0,2.5,77.0,997.2,
24.5,0.0,2.4,86.0,998.6,
24.5,0.0,2.8,85.0,998.4,
25.8,0.0,2.5,87.0,997.4,
26.4,0.0,2.9,84.0,997.2,
26.6,0.0,2.9,83.0,997.1,
25.9,0.0,2.5,83.0,996.4,
25.7,0.0,2.8,87.0,996.1,
25.2,0.0,2.6,87.0,996.2,
23.6,0.0,1.6,96.0,996.1,
25.4,0.0,1.6,79.0,998.9,
27.1,0.0,2.3,74.0,998.4,
27.0,0.0,1.6,83.0,998.2,
27.6,0.0,2.2,78.0,998.0,
28.2,0.0,2.1,75.0,997.4,
28.2,0.0,1.7,74.0,996.9,
25.7,0.0,1.7,85.0,995.6,
25.9,0.0,1.7,85.0,995.3,
27.5,0.0,2.8,78.0,995.8,
26.7,0.0,2.7,82.0,995.8,
26.0,0.0,2.2,81.0,997.6,
25.9,0.0,1.6,81.0,998.0,
28.0,0.0,2.9,83.0,995.3,
24.5,0.0,1.8,91.0,990.6,
22.3,0.0,2.7,99.0,993.4,
23.3,0.0,1.9,90.0,997.5,
24.7,0.0,1.9,80.0,997.4,
25.4,0.0,1.9,89.0,1000.4,
25.1,0.0,2.2,91.0,1000.7,
25.0,0.0,1.7,90.0,1000.7,
25.2,0.0,2.4,87.0,1000.7,
27.8,0.0,2.4,73.0,998.8,
27.3,0.0,1.9,77.0,998.6,
27.0,0.0,2.5,78.0,998.4,
26.7,0.0,2.0,80.0,998.5,
26.6,0.0,2.6,80.0,999.1,
25.3,0.0,2.3,85.0,1000.0,
28.0,0.0,2.8,74.0,1001.6,
25.0,0.0,2.8,89.0,1002.1,
28.5,0.0,2.1,78.0,999.5,
28.3,0.0,1.7,81.0,999.8,
27.6,0.0,2.4,84.0,1000.0,
27.5,0.0,2.5,82.0,1000.4,
28.8,0.0,2.6,83.0,998.3,
28.1,0.0,2.0,80.0,997.9,
27.0,0.0,2.9,86.0,995.5,
26.8,0.0,2.3,82.0,993.4,
26.2,0.0,2.1,82.0,992.3,
28.5,0.0,2.8,58.0,997.3,
27.8,0.0,2.2,65.0,997.8,
27.1,0.0,2.2,69.0,998.3,
24.9,0.0,1.6,94.0,997.6,
25.9,0.0,1.8,97.0,997.7,
25.1,0.0,2.4,82.0,998.3,
27.8,0.0,2.6,70.0,998.4,
28.5,0.0,1.8,68.0,998.0,
26.0,0.0,2.9,78.0,998.3,
26.1,0.0,2.7,86.0,998.7,
26.2,0.0,2.4,80.0,999.2,
26.3,0.0,1.6,82.0,999.3,
34.1,0.0,2.4,57.0,991.2,
25.7,0.0,1.6,74.0,988.0,
25.5,0.0,2.5,76.0,987.9,
24.2,0.0,1.7,91.0,989.1,
24.0,0.0,2.0,92.0,989.2,
24.9,0.0,2.4,90.0,991.0,
25.7,0.0,2.9,83.0,991.0,
25.8,0.0,2.0,86.0,991.0,
25.6,0.0,1.9,90.0,991.0,
25.9,0.0,2.9,89.0,990.8,
26.0,0.0,2.5,86.0,991.0,
25.2,0.0,2.3,91.0,991.4,
24.6,0.0,1.6,89.0,992.4,
24.3,0.0,2.0,89.0,992.8,
24.2,0.0,2.8,89.0,993.0,
27.0,0.0,2.8,78.0,997.4,
24.0,0.0,2.6,68.0,994.4,
22.0,0.0,2.4,90.0,996.9,
21.5,0.0,2.8,86.0,997.2,
27.1,0.0,2.9,77.0,997.5,
28.5,0.0,2.0,68.0,1001.6,
28.5,0.0,1.8,68.0,1001.4,
26.6,0.0,2.4,76.0,1001.5,
26.3,0.0,2.5,79.0,1001.7,
26.0,0.0,2.2,78.0,1001.4,
25.8,0.0,2.5,78.0,1001.3,
23.9,0.0,2.8,90.0,998.4,
23.7,0.0,2.9,90.0,996.1,
24.2,0.0,2.2,88.0,996.8,
18.8,0.0,2.4,89.0,1000.2,
22.9,0.0,2.1,59.0,1003.1,
23.4,0.0,2.4,60.0,1002.7,
23.6,0.0,2.6,57.0,1002.0,
23.7,0.0,2.2,58.0,1001.8,
23.9,0.0,2.3,63.0,998.5,
20.1,0.0,1.8,86.0,998.0,
19.2,0.0,1.9,82.0,998.4,
19.0,0.0,2.2,72.0,998.1,
23.7,0.0,1.8,75.0,1002.6,
22.6,0.0,1.7,77.0,1001.6,
18.7,0.0,2.0,82.0,1005.5,
22.6,0.0,2.5,65.0,1006.3,
21.6,0.0,2.2,61.0,998.4,
20.9,0.0,1.6,55.0,998.3,
18.5,0.0,2.5,73.0,1004.6,
18.8,0.0,2.7,70.0,1003.8,
16.5,0.0,2.4,92.0,1000.4,
18.4,0.0,2.5,76.0,1008.0,
17.7,0.0,2.8,86.0,1008.2,
26.0,0.0,2.0,50.0,1010.4,
22.1,0.0,2.8,85.0,1005.6,
15.5,0.0,2.6,86.0,1008.2,
18.4,0.0,2.7,51.0,1011.7,
17.3,0.0,2.2,60.0,1012.0,
16.7,0.0,2.2,61.0,1012.1,
16.5,0.0,1.6,63.0,1012.1,
15.9,0.0,1.9,71.0,1012.3,
15.3,0.0,2.5,76.0,1012.3,
15.0,0.0,2.8,74.0,1011.8,
