18.8,0,0,1.3,0,77,0,1006.2,0,
17.6,0,0,1.9,0,85,0,1007.3,0,
21.6,0,0,.6,0,65,0,1008.6,0,
25.5,0,0,1,0,49,0,1006.7,0,
21.5,0,0,.5,0,70,0,1008.5,0,
19.4,0,0,1.3,0,76,0,1008.2,0,
19,0,2.7,79,1006.9,
19.6,.4,2.2,87,1006.6,
17.2,3.5,4.5,90,1001.8,
18.6,0,0,2.1,0,88,0,998.3,0,
23,.5,4.4,90,996.8,
20,0,1.3,93,998.3,
25.1,0,0,1.3,0,65,0,999.1,0,
25.2,0,0,2.5,0,53,0,1000.6,0,
20.2,0,0,1.6,0,74,0,1003.7,0,
16.8,0,0,1,0,79,0,1005.6,0,
20,0,0,2.5,0,61,0,1006.6,0,
28,0,0,3.3,0,34,0,1004.7,0,
24.3,0,0,3.5,0,54,0,1003.9,0,
20.1,0,0,4.1,0,66,0,1003.6,0,
18.7,0,0,4.4,0,66,0,1000.8,0,
19.9,0,0,2.5,0,63,0,998.3,0,
26.5,0,0,3.9,0,46,0,998.4,0,
21.8,0,0,3,0,71,0,1002.5,0,
16.7,0,0,4.1,0,73,0,1006.9,0,
14.2,0,0,4,0,79,0,1009.4,0,
18,0,0,2.7,0,56,0,1011.5,0,
22.7,0,0,3.2,0,44,0,1011,0,
17.9,0,0,.7,0,58,0,1012.7,0,
16.8,0,0,2.6,0,66,0,1011.9,0,
17.2,0,0,3,0,72,0,1012.3,0,
22.6,0,0,2.8,0,56,0,1010.9,0,
22.1,0,2.4,61,1007.6,
18.2,0,2.3,77,1006.7,
16.5,0,.4,90,1002.9,
16.7,0,0,1,0,90,0,1002.1,0,
20.6,0,0,4.3,0,51,0,1000.6,0,
17.9,0,0,3.9,0,39,0,1001.3,0,
11.7,0,0,6.1,0,56,0,1005.5,0,
7.8,0,0,2.6,0,60,0,1008.3,0,
8.8,0,0,3.5,0,52,0,1011.1,0,
16.1,0,0,3.2,0,35,0,1009,0,
12.9,0,0,2.4,0,39,0,1010,0,
10.8,0,0,3.3,0,45,0,1011.4,0,
8.6,0,0,.2,0,52,0,1011.3,0,
14,0,0,1.3,0,36,0,1012.8,0,
20.5,0,0,1.4,0,27,0,1009.4,0,
15.2,0,0,.8,0,46,0,1010,0,
11.4,0,0,1,0,58,0,1009.8,0,
10,0,0,.5,0,66,0,1010.5,0,
16.9,0,0,.6,0,45,0,1011.1,0,
20.8,0,0,2.5,0,49,0,1008.5,0,
17.4,0,0,1.7,0,74,0,1010,0,
14.9,0,0,2.7,0,84,0,1011.1,0,
11.6,0,0,.8,0,88,0,1012.5,0,
18.6,0,0,1.4,0,53,0,1012.6,0,
18.9,0,0,3.5,0,32,0,1011.1,0,
13.8,0,0,.8,0,42,0,1012.2,0,
11.2,0,0,1.4,0,45,0,1012.6,0,
10.1,0,0,1.7,0,49,0,1013.9,0,
20.3,0,0,1.9,0,28,0,1012.4,0,
18.1,0,0,1,0,39,0,1011.9,0,
14.1,0,0,.4,0,59,0,1014.2,0,
11.5,0,0,1.1,0,70,0,1014.3,0,
13.9,0,0,1.7,0,62,0,1015.7,0,
23.3,0,0,2.3,0,42,0,1014.2,0,
18.9,0,0,1.3,0,60,0,1014.5,0,
15.6,0,0,1.1,0,74,0,1016.2,0,
13.2,0,0,1,0,86,0,1016.4,0,
18.5,0,0,1.5,0,60,0,1017.1,0,
26.9,0,0,.8,0,31,0,1013.3,0,
20.4,0,0,1.3,0,51,0,1013.6,0,
17.4,0,0,1.4,0,65,0,1013,0,
16.9,0,0,1.6,0,68,0,1011.3,0,
18.6,0,0,2.1,0,57,0,1010.9,0,
17.6,.5,1.1,80,1007.7,
16.3,.5,1.6,91,1007,
14.6,0,0,.6,0,93,0,1006.9,0,
14.8,0,0,.2,0,83,0,1007.7,0,
20.7,0,0,1.1,0,59,0,1007.7,0,
21.1,0,0,1.9,0,59,0,1007,0,
16.7,0,0,.3,0,85,0,1009.1,0,
14.1,0,0,.9,0,92,0,1009.6,0,
11.9,0,0,1.9,0,87,0,1011.5,0,
21.4,0,0,2,0,48,0,1009.6,0,
20.7,0,0,1.3,0,57,0,1008.6,0,
15.8,0,0,.8,0,76,0,1009.8,0,
14.7,0,0,.6,0,78,0,1008.9,0,
17,0,0,.9,0,69,0,1009.1,0,
24,0,0,2.5,0,38,0,1006.4,0,
18.5,0,0,2.3,0,71,0,1007,0,
15.3,0,0,.7,0,78,0,1008.8,0,
13.7,0,0,.2,0,85,0,1009,0,
18.3,0,0,1.3,0,55,0,1010.2,0,
25.8,0,0,1.8,0,37,0,1007.4,0,
19.9,0,0,2.5,0,56,0,1009.5,0,
16.5,0,0,4,0,63,0,1010.5,0,
15.8,0,0,2.9,0,64,0,1011.2,0,
19.1,0,0,2.8,0,53,0,1010.8,0,
20.4,0,0,2.4,0,51,0,1009,0,
17.4,0,0,2.9,0,60,0,1008.6,0,
16.3,0,0,2,0,63,0,1007.5,0,
14.6,0,0,1.9,0,71,0,1004.9,0,
20.1,0,0,1.6,0,51,0,1004.2,0,
20.6,0,0,2.8,0,59,0,1002.9,0,
18.1,0,0,2.6,0,64,0,1003.7,0,
17,0,0,4.7,0,59,0,1003.8,0,
14.8,0,0,3.7,0,57,0,1006.2,0,
13.6,0,4,66,1006.9,
10.6,.5,3.9,85,1007.8,
11.1,0,0,3.1,0,68,0,1009.2,0,
10.2,0,0,2.9,0,72,0,1009,0,
12.4,0,0,3.1,0,57,0,1010.3,0,
20,0,0,1.9,0,40,0,1007,0,
17.4,0,0,1.8,0,50,0,1005.9,0,
16,0,0,1.8,0,57,0,1002.9,0,
12.8,5.5,2.5,93,999.4,
12.7,1,2.8,95,997.6,
16.7,0,0,4.5,0,69,0,1000.2,0,
14.9,0,0,1.1,0,75,0,1005.2,0,
12.6,0,0,2.1,0,84,0,1007.9,0,
10.5,0,0,1.2,0,93,0,1008.6,0,
15.2,0,0,1.1,0,72,0,1008.5,0,
15.4,0,1.7,71,1010.4,
12.9,0,0,.7,0,86,0,1012.3,0,
10.4,0,0,.9,0,87,0,1013.6,0,
9,0,0,2.6,0,82,0,1014.7,0,
17.5,0,0,1.2,0,53,0,1014.7,0,
18.4,0,0,2.5,0,55,0,1011.1,0,
16.3,0,0,1.5,0,63,0,1010.7,0,
14.8,0,0,1.5,0,72,0,1008.2,0,
13.7,0,2.1,79,1006.1,
18,0,0,2.7,0,53,0,1004.8,0,
15.5,0,0,3,0,44,0,1005.9,0,
11.3,0,0,4.3,0,56,0,1010.5,0,
8.3,0,0,4,0,41,0,1012.8,0,
7.9,0,0,2.3,0,42,0,1016,0,
11.1,0,0,3.3,0,39,0,1014.7,0,
7.6,0,0,3,0,34,0,1016.5,0,
3.5,0,0,2.5,0,40,0,1018.5,0,
2.3,0,0,1.4,0,44,0,1019.9,0,
9.2,0,0,1.8,0,23,0,1021,0,
14.8,0,0,1.9,0,15,0,1018.2,0,
8.4,0,0,1.2,0,33,0,1017.2,0,
5.9,0,0,1.3,0,46,0,1016.8,0,
7.3,0,0,2.1,0,48,0,1015.2,0,
8,0,2.5,78,1017,
7.2,0,0,4,0,57,0,1015.4,0,
3.1,0,0,2.4,0,53,0,1017.4,0,
.1,0,0,2.8,0,50,0,1019.5,0,
-2.2,0,0,2.9,0,59,0,1020.4,0,
3.4,0,0,2.9,0,35,0,1020.7,0,
4.7,0,0,3.3,0,32,0,1019.4,0,
1.5,0,0,3.9,0,38,0,1020.2,0,
-1.6,0,0,1.2,0,54,0,1020,0,
-2.2,0,0,1,0,51,0,1019.2,0,
10.1,0,0,2.2,0,30,0,1016.6,0,
6.1,0,.3,64,1014.5,
6,0,0,.1,0,76,0,1014.1,0,
5.1,0,0,.7,0,88,0,1012.9,0,
5.9,0,0,1.2,0,77,0,1013.6,0,
13.8,0,0,2.6,0,38,0,1010.5,0,
10.3,0,0,.8,0,52,0,1009.6,0,
10.5,0,0,2.4,0,61,0,1009,0,
8.4,0,0,1.5,0,65,0,1008.1,0,
11.5,0,0,1.4,0,56,0,1007.7,0,
15.1,0,0,3.5,0,64,0,1003.8,0,
13.9,0,0,3.4,0,72,0,1003.5,0,
12.8,0,0,2.1,0,76,0,1003.3,0,
12.4,0,0,.7,0,77,0,1002.3,0,
15.7,0,0,3.2,0,75,0,1002.3,0,
17.6,0,0,3.2,0,70,0,1002.2,0,
15.7,0,0,1.3,0,85,0,1005.6,0,
14.5,0,0,1.1,0,89,0,1008.1,0,
12.1,0,0,4.9,0,62,0,1012,0,
16.3,0,0,3.9,0,46,0,1014.2,0,
15.2,0,0,3.9,0,50,0,1013.5,0,
12.6,0,0,4,0,59,0,1015.7,0,
11.9,0,0,3,0,63,0,1015.2,0,
12.1,0,0,2.1,0,65,0,1014.8,0,
17,0,0,2.4,0,54,0,1012.1,0,
13.5,.4,3.9,89,1009.8,
9.4,0,0,2.8,0,91,0,1010.5,0,
5,0,0,2.7,0,81,0,1011.3,0,
2.9,0,0,4.6,0,64,0,1014.9,0,
6.7,0,0,3.5,0,47,0,1013.5,0,
3.3,0,0,3.4,0,47,0,1016.5,0,
.4,0,0,3.6,0,47,0,1019.1,0,
-2.2,0,0,2.2,0,55,0,1019.6,0,
2.1,0,0,1.2,0,40,0,1020.8,0,
8.4,0,0,3,0,24,0,1017.4,0,
3.1,0,0,1.6,0,38,0,1017.5,0,
1.8,0,0,1.2,0,40,0,1017.3,0,
2.1,0,0,1.5,0,43,0,1014.2,0,
6.5,0,0,2.5,0,40,0,1011.7,0,
8.5,0,0,1.5,0,68,0,1008.1,0,
7.9,0,0,2.1,0,75,0,1007.1,0,
7.3,0,0,1.2,0,81,0,1004.8,0,
6.3,0,0,.7,0,93,0,1006,0,
11.5,0,0,5.1,0,43,0,1008.2,0,
11.8,0,0,2.5,0,41,0,1009,0,
7.3,0,0,.7,0,63,0,1011.1,0,
6.1,0,0,2,0,66,0,1012.2,0,
5.5,0,0,1.8,0,69,0,1012.7,0,
16.3,0,0,3.4,0,43,0,1010.9,0,
14.3,0,0,2.8,0,62,0,1010.8,0,
13.2,0,0,2.7,0,74,0,1011.3,0,
12.7,0,0,.3,0,79,0,1011.4,0,
12.7,.5,1.7,87,1013.2,
18,0,0,2.4,0,63,0,1009.7,0,
15.1,0,0,2.9,0,72,0,1010.2,0,
13.3,0,0,2.1,0,73,0,1009,0,
12.3,0,0,1.6,0,70,0,1007.9,0,
14.6,0,0,2.1,0,63,0,1006.2,0,
14.6,.9,2,93,1004.4,
13.2,0,0,2.1,0,92,0,1004.9,0,
9.1,0,0,1.2,0,69,0,1007,0,
3.6,0,0,2,0,54,0,1009.6,0,
5.1,0,0,3.8,0,41,0,1011.9,0,
9.4,0,0,2.9,0,32,0,1011,0,
4,0,0,1.9,0,43,0,1012.6,0,
1.2,0,0,.4,0,56,0,1013.5,0,
.2,0,0,.9,0,59,0,1013.5,0,
7.6,0,0,.9,0,34,0,1013.9,0,
9.3,0,0,2.1,0,33,0,1012.5,0,
5.6,0,0,.6,0,47,0,1014,0,
4,0,0,1.7,0,58,0,1014.9,0,
4.8,0,0,1.2,0,64,0,1015.3,0,
14.6,0,0,1.2,0,41,0,1013.9,0,
11.8,0,0,1.4,0,58,0,1013.1,0,
8.1,0,0,.4,0,67,0,1013.5,0,
5.5,0,0,1.2,0,75,0,1012.2,0,
7.4,0,0,1.9,0,60,0,1011.6,0,
14.3,0,0,2.1,0,45,0,1007.3,0,
12.7,0,0,1.6,0,55,0,1006,0,
10.9,0,0,3,0,58,0,1003.8,0,
10.5,0,0,1.1,0,70,0,1002.1,0,
12.7,0,0,1.6,0,59,0,1003.1,0,
15.8,0,0,3.8,0,68,0,1002.8,0,
13.1,0,0,1.9,0,81,0,1005.2,0,
11.8,0,0,3.3,0,86,0,1007.9,0,
7.7,0,0,3.3,0,80,0,1010.6,0,
10.9,0,0,2.1,0,51,0,1012.4,0,
14.8,0,0,2.8,0,20,0,1010.9,0,
8.7,0,0,1.1,0,31,0,1012.3,0,
5.6,0,0,1.7,0,39,0,1011.5,0,
6.3,0,0,2.5,0,39,0,1009.4,0,
12.1,0,0,2.3,0,36,0,1008,0,
11.5,0,0,2.5,0,42,0,1006.2,0,
9.4,0,0,2.9,0,40,0,1008.5,0,
5.8,0,0,5.1,0,51,0,1009.3,0,
2,0,0,3.9,0,58,0,1012,0,
3.5,0,0,3.4,0,36,0,1011.7,0,
1.3,0,0,4.7,0,29,0,1013.4,0,
-1.8,0,0,3.1,0,34,0,1015.9,0,
-3.3,0,0,1.9,0,39,0,1016.9,0,
-3.9,0,0,3.2,0,44,0,1018.4,0,
3.2,0,0,3.8,0,22,0,1014.9,0,
-1.5,0,0,4.5,0,34,0,1015.5,0,
-4.7,0,0,1.9,0,51,0,1017.9,0,
-5.8,0,0,1.9,0,53,0,1017.4,0,
-3.1,0,0,4,0,38,0,1018.4,0,
1.5,0,0,3.2,0,25,0,1015.9,0,
-1.3,0,0,1.6,0,36,0,1016.6,0,
-3,0,0,.9,0,35,0,1016.8,0,
-2.3,0,0,1.4,0,43,0,1017,0,
2.2,0,0,1.1,0,30,0,1017.9,0,
5.3,0,0,2.8,0,36,0,1016.6,0,
.9,0,0,1.2,0,56,0,1017.4,0,
-.1,0,0,2,0,52,0,1017.4,0,
0,0,0,2.7,0,48,0,1014.6,0,
2.6,0,2.3,47,1013,
.9,0,0,2.2,0,90,0,1011.9,0,
1.4,0,0,2.1,0,88,0,1012.2,0,
1.8,0,0,2.2,0,87,0,1010.8,0,
.5,0,0,1,0,91,0,1011,0,
4.7,0,0,.8,0,82,0,1010.2,0,
4.1,0,0,.6,0,81,0,1011,0,
3.5,0,0,1.9,0,79,0,1012.9,0,
.3,0,0,2,0,84,0,1014.6,0,
-.6,0,0,2.1,0,75,0,1017.5,0,
5.2,0,0,3.4,0,37,0,1017.2,0,
1.9,0,0,1.7,0,40,0,1018.8,0,
-.7,0,0,2.2,0,52,0,1020.7,0,
-2.6,0,0,1.1,0,54,0,1021.7,0,
1.8,0,0,.8,0,38,0,1023.8,0,
8,0,0,1.5,0,26,0,1022.5,0,
2,0,0,2.1,0,37,0,1022.3,0,
1.2,0,0,2,0,43,0,1021.7,0,
2.7,0,0,2.7,0,53,0,1019.3,0,
5.8,0,0,2.9,0,52,0,1017.3,0,
9.7,0,0,1.8,0,45,0,1012,0,
7.1,.3,2.5,78,1012.1,
6.5,0,0,3,0,80,0,1011.8,0,
5.2,0,0,2.5,0,62,0,1012.9,0,
6,0,0,5.4,0,26,0,1015.7,0,
4.6,0,0,4.3,0,40,0,1017.6,0,
.1,0,0,3,0,36,0,1020.9,0,
-2.5,0,0,2.1,0,51,0,1021,0,
-3.4,0,0,.4,0,56,0,1022.3,0,
5.1,0,0,3.5,0,29,0,1020.4,0,
4.7,0,0,2.3,0,54,0,1020.1,0,
1.3,0,0,2.1,0,70,0,1019.7,0,
-.4,0,0,1.7,0,73,0,1019,0,
1.1,0,0,1.1,0,63,0,1018.9,0,
11.1,0,0,1.9,0,44,0,1015,0,
6.2,0,0,1.6,0,56,0,1014.5,0,
3.6,0,0,.8,0,66,0,1012.2,0,
2.8,0,0,.4,0,73,0,1010.5,0,
4.1,0,0,1.9,0,65,0,1009.4,0,
9,0,0,.4,0,44,0,1006.5,0,
7,0,0,1.2,0,52,0,1007.3,0,
6.1,0,0,2.2,0,58,0,1005.7,0,
5,0,0,1.9,0,83,0,1005.1,0,
8.6,0,0,2.4,0,81,0,1006.8,0,
9.2,0,0,3.3,0,64,0,1006.6,0,
4.4,0,0,4.3,0,57,0,1010,0,
-1.2,0,0,3.5,0,51,0,1014.5,0,
-3.9,0,0,3.9,0,47,0,1016.8,0,
-.3,0,0,3.6,0,28,0,1017.3,0,
1.7,0,0,2.6,0,21,0,1015,0,
-1.6,0,0,.7,0,44,0,1014.9,0,
-1.9,0,0,2.2,0,47,0,1012.4,0,
-1.1,0,0,2.9,0,56,0,1011.1,0,
6.6,0,0,1.1,0,48,0,1009.5,0,
4.7,0,0,1.8,0,60,0,1010.5,0,
1.1,0,0,1.3,0,62,0,1012,0,
-2,0,0,.8,0,69,0,1010.5,0,
-1.7,0,0,2.1,0,74,0,1011,0,
5.6,0,0,.9,0,54,0,1006.9,0,
4.3,0,0,2.9,0,63,0,1005.1,0,
3.5,2.5,1.6,90,1002.5,
3,0,0,1.8,0,92,0,1004.5,0,
2.2,0,0,3.7,0,71,0,1009.7,0,
3.5,0,0,4.1,0,46,0,1009.8,0,
-.6,0,0,4.6,0,49,0,1013.3,0,
-3.4,0,0,1.7,0,61,0,1015.3,0,
-5.4,0,0,2,0,65,0,1015.9,0,
1.1,0,0,1,0,42,0,1017.2,0,
2.8,0,0,2.8,0,36,0,1015.7,0,
-1.6,0,0,1.3,0,50,0,1017.2,0,
-3.8,0,0,.8,0,47,0,1018.1,0,
-5.7,0,0,1.7,0,55,0,1018.6,0,
2.1,0,0,1.1,0,31,0,1019,0,
4.1,0,0,1.1,0,28,0,1017.3,0,
-1.7,0,0,1.8,0,48,0,1016,0,
-2.8,0,0,1.5,0,49,0,1016.7,0,
-2.1,0,0,2.8,0,46,0,1015.6,0,
4.9,0,0,1.6,0,30,0,1013.3,0,
5,0,0,1.2,0,30,0,1011.8,0,
4.1,0,0,1.1,0,36,0,1011.3,0,
1.3,0,0,.3,0,52,0,1011.1,0,
3,0,0,.5,0,52,0,1010.8,0,
8.5,0,0,2.9,0,50,0,1007.1,0,
3.4,0,0,4.2,0,55,0,1007.4,0,
-.4,0,0,2.4,0,65,0,1007.4,0,
-1.9,0,0,2.1,0,64,0,1008.1,0,
-1.4,0,0,3.1,0,63,0,1010.1,0,
-.7,.1,2.9,74,1009.6,
-.7,0,0,2.9,0,60,0,1010.4,0,
-3.5,0,0,3.7,0,57,0,1011.8,0,
-6.7,0,0,2.8,0,52,0,1012,0,
-4.4,0,0,3.9,0,33,0,1013.9,0,
-2.4,0,0,4.6,0,27,0,1012.6,0,
-5.7,0,0,3.7,0,38,0,1014.7,0,
-8,0,0,2.2,0,47,0,1016.3,0,
-9.4,0,0,2.1,0,50,0,1017.7,0,
-2.7,0,0,2.5,0,27,0,1018.3,0,
-1.8,0,0,2.8,0,32,0,1016.9,0,
-3.2,0,0,.7,0,47,0,1016.4,0,
-2.2,0,2,60,1016.9,
-1.9,0,0,2.8,0,67,0,1017.7,0,
5.7,0,0,2.2,0,45,0,1017.6,0,
7,0,0,.5,0,66,0,1018.1,0,
4.1,0,0,1.1,0,69,0,1019.4,0,
2.8,0,0,1.2,0,79,0,1019.5,0,
3.6,0,0,1.3,0,74,0,1020,0,
7.5,0,0,2,0,58,0,1017.8,0,
5.9,0,0,2.8,0,66,0,1017.7,0,
4.5,0,0,2.6,0,68,0,1016.9,0,
4.7,0,0,1.7,0,71,0,1015.5,0,
6.5,0,0,3.8,0,62,0,1014.7,0,
11.9,0,0,1.4,0,53,0,1011.7,0,
8.1,0,0,1.3,0,68,0,1012.9,0,
6.1,0,0,.6,0,79,0,1013.3,0,
5.1,0,0,0,0,83,0,1015.6,0,
9.8,0,0,1.2,0,62,0,1017.4,0,
11.8,0,0,2.3,0,55,0,1016.3,0,
6.5,0,0,.3,0,74,0,1018.2,0,
4.7,0,0,2.5,0,74,0,1017.5,0,
4.5,0,0,2.2,0,76,0,1016.8,0,
11.3,0,0,3.3,0,54,0,1014.6,0,
9.5,0,0,3.8,0,78,0,1010,0,
7.9,0,0,5.7,0,93,0,1002.4,0,
9.8,14.5,1.5,97,995.4,
6.9,0,0,4.3,0,95,0,997.1,0,
5.2,0,0,4.1,0,93,0,997.9,0,
3,3,4,90,1001.1,
1.8,0,0,4.9,0,79,0,1003.1,0,
-1.2,0,0,5.5,0,79,0,1005.3,0,
-2.2,0,4.3,75,1007.3,
-2.2,0,0,3.7,0,65,0,1008.6,0,
-3.2,0,0,2,0,69,0,1013.5,0,
-4.3,0,0,3,0,66,0,1016.4,0,
-3.8,0,0,1.8,0,66,0,1017.7,0,
-3.1,0,0,2,0,66,0,1019.7,0,
.9,0,0,1.8,0,55,0,1018.9,0,
-2.2,0,0,2,0,71,0,1020.9,0,
-3.7,0,0,.8,0,79,0,1021.5,0,
-3.7,0,0,2,0,80,0,1020.4,0,
1.6,0,0,2.3,0,59,0,1021.6,0,
5.5,0,0,1.2,0,58,0,1018.2,0,
3.5,0,0,1.1,0,68,0,1017.8,0,
1.7,0,0,.8,0,78,0,1015.6,0,
1.7,0,0,1,0,80,0,1013,0,
3.4,0,0,1.2,0,72,0,1012,0,
3.7,0,0,1.4,0,74,0,1008.4,0,
1.9,0,0,2.1,0,64,0,1008.5,0,
-.3,.4,3.1,91,1008,
-1.7,0,0,4.2,0,72,0,1009.5,0,
-.6,0,0,3.6,0,35,0,1011.5,0,
-3.4,0,0,2.5,0,42,0,1014.7,0,
-5.9,0,0,3.2,0,43,0,1017.6,0,
-7.8,0,0,1.1,0,59,0,1019,0,
-7,0,0,2.9,0,55,0,1020.6,0,
1.6,0,0,2,0,32,0,1018.7,0,
-2.6,0,0,3,0,52,0,1019,0,
-4.4,0,0,.5,0,58,0,1017.9,0,
-3.7,0,0,.6,0,86,0,1016.5,0,
-5.4,0,0,4.8,0,44,0,1020.1,0,
-1.3,0,0,3.9,0,32,0,1019.4,0,
-4.8,0,0,3.4,0,42,0,1021.6,0,
-7.7,0,0,2.1,0,57,0,1022.9,0,
-9,0,0,1.5,0,60,0,1022.8,0,
-2.9,0,0,1.4,0,39,0,1023.9,0,
.4,0,0,1.3,0,42,0,1020.9,0,
-2.6,0,0,1.3,0,54,0,1020.4,0,
-3.3,0,0,1.9,0,66,0,1019.7,0,
-2.5,0,0,2.2,0,68,0,1019.1,0,
2.7,0,0,1.7,0,55,0,1019.9,0,
4.4,0,0,.7,0,61,0,1018,0,
.8,0,0,1.1,0,76,0,1018.8,0,
-.7,0,0,2,0,84,0,1018.8,0,
-1.3,0,0,1.4,0,87,0,1019,0,
5.1,0,0,1.4,0,65,0,1017.9,0,
5.6,0,0,2.4,0,70,0,1015.8,0,
3.9,0,0,1.4,0,75,0,1014.1,0,
3.7,0,0,1.5,0,77,0,1012.7,0,
4.1,0,.9,87,1011.5,
9.2,0,0,3.1,0,59,0,1010.2,0,
6,0,0,2,0,78,0,1011.6,0,
1.8,0,0,1.5,0,79,0,1013.2,0,
-1.3,0,0,1.9,0,73,0,1014.1,0,
1.1,0,0,.8,0,55,0,1015,0,
7.2,0,0,3.7,0,47,0,1012.6,0,
2.2,0,0,2.1,0,61,0,1012.7,0,
1.8,0,0,.2,0,72,0,1012.6,0,
2.5,0,0,1.1,0,74,0,1012.3,0,
6,0,0,2.4,0,65,0,1014.4,0,
8.4,0,0,3.5,0,35,0,1012.3,0,
2.9,0,0,1,0,45,0,1013.8,0,
.3,0,0,.3,0,60,0,1015.1,0,
.6,0,0,2.6,0,54,0,1015.8,0,
5.5,0,0,3.1,0,47,0,1016.9,0,
6.7,0,0,4.3,0,49,0,1016.5,0,
4.9,0,0,4.2,0,56,0,1017.9,0,
3.7,0,0,4.1,0,59,0,1017.8,0,
2.6,0,0,3.2,0,64,0,1017.6,0,
9.9,0,0,1.4,0,46,0,1015.9,0,
7.3,0,0,1.3,0,57,0,1014.5,0,
3.6,0,0,.7,0,70,0,1014.7,0,
1.6,0,0,.7,0,81,0,1013.2,0,
1,0,0,1.7,0,77,0,1013.7,0,
9.4,0,0,2.9,0,51,0,1009.7,0,
5.8,0,0,1.4,0,61,0,1008.3,0,
4.3,0,0,2.9,0,61,0,1008.8,0,
4.1,0,0,1.6,0,61,0,1006.3,0,
6.7,0,0,3,0,61,0,1005.9,0,
9.8,0,0,2.9,0,53,0,1001.8,0,
6.7,0,0,3.1,0,67,0,1001.9,0,
3.8,0,0,3.3,0,73,0,1002.7,0,
2.7,0,3.4,76,1003.6,
2.3,0,0,2.9,0,63,0,1007.2,0,
3.5,0,0,3.3,0,43,0,1006.9,0,
-.8,0,0,3.3,0,53,0,1009,0,
-3.9,0,0,2.6,0,59,0,1010.8,0,
-5.3,0,0,1,0,62,0,1012.4,0,
-.5,0,0,4.3,0,50,0,1012.8,0,
-1.5,0,0,4.2,0,30,0,1012.5,0,
-6.2,0,0,3.2,0,41,0,1015.9,0,
-8,0,0,1.5,0,35,0,1017.1,0,
-9.4,0,0,.7,0,33,0,1016.6,0,
-.1,0,0,2.8,0,31,0,1013.5,0,
-1.8,0,0,2.2,0,30,0,1012.7,0,
-1.9,0,0,1.9,0,48,0,1011.7,0,
-1.4,0,0,1.1,0,80,0,1009.3,0,
-2.4,0,0,3.9,0,55,0,1008,0,
.9,0,0,4.4,0,28,0,1005.9,0,
-3.4,0,0,3.7,0,28,0,1006.3,0,
-6.1,0,0,2.7,0,40,0,1007.7,0,
-7.2,0,0,1.4,0,37,0,1006.6,0,
-6.9,0,0,1.5,0,64,0,1006.1,0,
-1.4,0,0,3.3,0,39,0,1004.5,0,
-6.8,0,0,5.9,0,39,0,1007.7,0,
-8.7,0,0,2.9,0,43,0,1010.9,0,
-9.6,0,0,4.2,0,48,0,1013.1,0,
-8.3,0,0,3.7,0,28,0,1015.9,0,
-5.5,0,0,4.8,0,24,0,1013.8,0,
-8.3,0,0,3,0,31,0,1016.5,0,
-10.4,0,0,.7,0,33,0,1018.3,0,
-11.2,0,0,1.4,0,42,0,1018.9,0,
-5.5,0,0,2.6,0,28,0,1017.8,0,
-1.9,0,0,2.3,0,29,0,1015.7,0,
-4.7,0,0,3.9,0,39,0,1016.3,0,
-7.8,0,0,.7,0,43,0,1016.9,0,
-8.9,0,0,1,0,49,0,1018.3,0,
.7,0,0,1.7,0,24,0,1018.1,0,
0,0,0,2.1,0,25,0,1018.7,0,
-4,0,0,.2,0,46,0,1020.3,0,
-6,0,0,1.7,0,51,0,1020.7,0,
-5.8,0,0,2,0,51,0,1021.1,0,
2.8,0,0,.9,0,27,0,1020,0,
-.1,0,0,.6,0,38,0,1019.4,0,
-.7,0,0,1.4,0,62,0,1021,0,
-2.3,0,0,.3,0,76,0,1021.2,0,
-.9,0,0,1.4,0,64,0,1020.4,0,
2.5,0,1.5,67,1018.2,
-.7,0,0,1.1,0,72,0,1018.6,0,
-2.6,0,0,1.2,0,75,0,1018.2,0,
-4.6,0,0,.9,0,75,0,1016.6,0,
-1.2,0,0,2.7,0,60,0,1016.6,0,
4,0,0,2.8,0,33,0,1010.6,0,
-1.4,0,0,.9,0,43,0,1008.8,0,
-1.5,0,0,1.3,0,50,0,1005.3,0,
-4,0,0,3.3,0,93,0,1006.3,0,
-4.5,0,0,5.7,0,68,0,1010.7,0,
-3.2,0,0,3.5,0,53,0,1013.7,0,
-7,0,0,1.7,0,65,0,1017.5,0,
-9.3,0,0,1.5,0,73,0,1018.6,0,
-9.3,0,0,1.5,0,75,0,1019,0,
-1,0,0,1.7,0,54,0,1016.2,0,
-2.4,1.3,1.1,91,1012.6,
-4.2,0,0,1.4,0,80,0,1011.1,0,
-7.8,0,0,3,0,54,0,1014.7,0,
-9.4,0,0,4,0,51,0,1017.1,0,
-5.8,0,0,2.8,0,44,0,1016.3,0,
-8.3,0,0,4.4,0,46,0,1017.3,0,
-10.9,0,0,2.1,0,61,0,1018.5,0,
-12.2,0,0,.6,0,59,0,1018.5,0,
-10.2,0,0,2.6,0,42,0,1021,0,
-4.8,0,0,3.6,0,35,0,1020,0,
-7.2,0,0,2.1,0,49,0,1021.1,0,
-10,0,0,2.4,0,60,0,1021.8,0,
-11.3,0,0,1.4,0,68,0,1022.8,0,
-6,0,0,2.8,0,36,0,1024.4,0,
-1.7,0,0,2.9,0,31,0,1022.5,0,
-5.8,0,0,1.8,0,53,0,1024,0,
-8.5,0,0,2,0,56,0,1024.3,0,
-10.2,0,0,.9,0,71,0,1024.3,0,
-1.3,0,0,1.9,0,29,0,1024.5,0,
-.4,0,0,1.9,0,34,0,1021.9,0,
-5,0,0,.5,0,54,0,1022.2,0,
-6.9,0,0,.6,0,66,0,1021.5,0,
-7.6,0,0,1.7,0,67,0,1020.5,0,
1.3,0,0,1.5,0,46,0,1017.1,0,
2.3,0,0,2.3,0,61,0,1012.6,0,
3,0,0,5.1,0,78,0,1008.3,0,
-.7,0,0,5,0,71,0,1010.7,0,
-4.8,0,0,4.5,0,46,0,1017.4,0,
-.3,0,0,3,0,33,0,1017.6,0,
-2.8,0,0,2.9,0,40,0,1018.9,0,
-5.6,0,0,2.3,0,51,0,1019.6,0,
-7.9,0,0,2.5,0,50,0,1018.8,0,
-4,0,0,2.1,0,41,0,1018.5,0,
4,0,0,2.3,0,20,0,1014.2,0,
1.4,0,0,1.7,0,32,0,1013.7,0,
1,0,0,2.2,0,35,0,1011.7,0,
1.4,0,1.5,37,1010.8,
2.5,0,0,1.1,0,62,0,1009.4,0,
.6,0,0,.7,0,93,0,1005.7,0,
-.2,1.3,2,95,1006.2,
-1.3,0,0,2.8,0,88,0,1006.9,0,
-5.3,0,0,4.1,0,81,0,1010.4,0,
-4.7,0,0,3.7,0,52,0,1014.5,0,
-3.3,0,0,3.2,0,47,0,1016.5,0,
-7.1,0,0,1.7,0,53,0,1019.2,0,
-9,0,0,1.9,0,56,0,1020.2,0,
-9.4,0,0,.7,0,60,0,1019.6,0,
-1,0,0,1.5,0,27,0,1017.7,0,
-3,0,0,2.4,0,33,0,1017.3,0,
-5.1,0,0,1.9,0,44,0,1017.1,0,
-5.7,0,0,0,0,57,0,1016.2,0,
-4.1,0,0,3.6,0,61,0,1017.8,0,
-.2,0,0,4.4,0,31,0,1016.7,0,
-3.5,0,0,3.1,0,36,0,1019.4,0,
-7.4,0,0,2.9,0,47,0,1021.2,0,
-8.9,0,0,2.2,0,47,0,1020.9,0,
-4.7,0,0,2.4,0,29,0,1021.6,0,
2.9,0,0,3.7,0,42,0,1018.1,0,
.3,0,0,1.8,0,74,0,1017.5,0,
-.2,0,0,1.7,0,78,0,1017.3,0,
-1.8,0,0,.8,0,77,0,1017.3,0,
2.5,0,0,1,0,57,0,1017.5,0,
6.2,0,0,3,0,47,0,1014.4,0,
1,0,0,2.2,0,75,0,1015.1,0,
-.9,0,0,.6,0,79,0,1014.1,0,
-2.8,0,0,.8,0,87,0,1013.3,0,
1.8,0,0,2.1,0,69,0,1011.1,0,
2.8,0,0,2.3,0,58,0,1008,0,
2.4,0,0,2.6,0,61,0,1007.1,0,
1.8,0,0,1.6,0,63,0,1003.6,0,
1.7,0,0,1,0,64,0,1002.9,0,
1.5,0,0,3,0,91,0,1001.6,0,
1.5,0,3.4,78,1002.4,
-.8,0,0,3.8,0,69,0,1004.7,0,
-2.8,0,0,3.7,0,58,0,1007.4,0,
-3.9,0,0,2.2,0,55,0,1010.6,0,
1.5,0,0,3,0,37,0,1011.7,0,
-.8,0,0,3.6,0,50,0,1013.7,0,
-3.3,0,0,1.9,0,53,0,1015,0,
-5.3,0,0,.2,0,57,0,1015.4,0,
-3.1,0,0,1.8,0,43,0,1016.8,0,
2.7,0,0,1.2,0,31,0,1013.3,0,
-1,0,0,2.4,0,45,0,1013.3,0,
-3,0,0,.5,0,52,0,1011.4,0,
-4.7,0,0,1,0,64,0,1010.5,0,
-.5,0,0,1.3,0,48,0,1009.8,0,
0,0,0,3.4,0,37,0,1007,0,
-1.7,0,0,4.7,0,46,0,1006.6,0,
-4.1,0,0,2.6,0,59,0,1005.5,0,
-6.6,0,0,3.6,0,56,0,1005.3,0,
-3.9,0,0,6.3,0,35,0,1005.1,0,
-3.5,0,0,3.6,0,38,0,1003.7,0,
-6.5,0,0,2.9,0,48,0,1006.3,0,
-7.7,0,0,3.6,0,54,0,1006.3,0,
-9.3,0,0,4.4,0,49,0,1006.9,0,
-4.2,0,0,4.6,0,32,0,1007.2,0,
-4.9,0,0,4.4,0,40,0,1007,0,
-7.1,0,0,3,0,50,0,1009.8,0,
-8.7,0,0,.9,0,52,0,1011.3,0,
-7.7,0,0,2.5,0,47,0,1013.7,0,
-1.4,0,0,4.2,0,34,0,1012.9,0,
-2.2,0,0,2.5,0,48,0,1014,0,
-4.8,0,0,3.8,0,47,0,1016.3,0,
-6.6,0,0,2.2,0,58,0,1016.7,0,
-2.4,0,0,2.5,0,45,0,1018.5,0,
3.6,0,0,4.3,0,33,0,1017.2,0,
-.9,0,0,2,0,59,0,1018.3,0,
-3.6,0,0,1,0,74,0,1019.1,0,
-5.1,0,0,.2,0,62,0,1019.7,0,
1.7,0,0,1.5,0,43,0,1020.7,0,
4.4,0,0,2,0,56,0,1018.5,0,
2.2,0,0,1.7,0,75,0,1018.6,0,
-.9,0,0,3.6,0,70,0,1020.1,0,
-3.8,0,0,1.4,0,57,0,1021.6,0,
2.2,0,0,2.5,0,27,0,1022.9,0,
5.5,0,0,3,0,25,0,1021.1,0,
-.9,0,0,1.1,0,61,0,1022.4,0,
-2.5,0,0,.6,0,65,0,1021.4,0,
-3.7,0,0,1.1,0,70,0,1021.3,0,
6.4,0,0,2.5,0,37,0,1019.6,0,
5.5,0,0,2,0,33,0,1017.1,0,
2.1,0,0,.3,0,60,0,1015.8,0,
-.7,0,0,1,0,62,0,1012.6,0,
.5,0,0,1.3,0,49,0,1011.9,0,
9,0,0,1.7,0,53,0,1008.5,0,
10,0,0,.9,0,71,0,1005.9,0,
9.1,0,3.4,92,1004.4,
4.1,0,0,4.3,0,91,0,1005.9,0,
.3,0,0,3.9,0,54,0,1011.5,0,
3.1,0,0,3.5,0,30,0,1011.4,0,
-2,0,0,4.1,0,50,0,1013.1,0,
-5.5,0,0,2.5,0,54,0,1015.7,0,
-6.8,0,0,1.7,0,54,0,1014.6,0,
-2.1,0,0,3,0,32,0,1015.6,0,
2.3,0,0,5.3,0,25,0,1014,0,
-.8,0,0,2.8,0,67,0,1015.2,0,
-2.6,0,0,.5,0,77,0,1013.5,0,
-3.3,0,0,1.5,0,80,0,1010.4,0,
4.6,0,0,2.2,0,43,0,1007.4,0,
5.5,0,0,1.9,0,50,0,1000.9,0,
4.9,0,0,1.6,0,91,0,997.5,0,
4.7,.5,4.1,95,996.5,
-2.8,0,0,4.8,0,61,0,1001.6,0,
-1.9,0,0,6.2,0,40,0,1006.1,0,
-2.4,0,0,4.5,0,38,0,1011.2,0,
-4.6,0,0,2.4,0,40,0,1017.4,0,
-6.8,0,0,.7,0,50,0,1019.2,0,
-5,0,0,1.5,0,44,0,1021.9,0,
4.9,0,0,1.5,0,25,0,1019.7,0,
2.3,0,0,1.4,0,38,0,1017,0,
.9,0,0,3.1,0,34,0,1013.9,0,
2.1,0,0,2,0,34,0,1011.6,0,
2,0,0,3.4,0,83,0,1009.1,0,
2.5,2.2,1.3,91,1001.7,
1.5,0,0,1.7,0,93,0,1000.5,0,
-1.3,0,0,3,0,81,0,1002.8,0,
-2.7,0,0,2.6,0,76,0,1004.8,0,
-.8,0,0,4.9,0,46,0,1008.5,0,
1.8,0,0,4.2,0,36,0,1008.4,0,
-2.8,0,0,4.2,0,55,0,1012.4,0,
-5.2,0,0,1.6,0,61,0,1013.5,0,
-5.6,0,0,2.2,0,59,0,1014.4,0,
2,0,0,3,0,24,0,1014,0,
2.8,0,0,3.3,0,45,0,1012.4,0,
.1,0,0,.8,0,67,0,1012.8,0,
-1.3,0,0,1.6,0,87,0,1012.6,0,
-2.4,0,0,.2,0,87,0,1012.5,0,
7,0,0,3.6,0,39,0,1010.6,0,
5.2,0,0,2.9,0,46,0,1009.3,0,
2.4,0,0,2.1,0,74,0,1010.9,0,
-.1,0,0,.7,0,89,0,1012.2,0,
.3,0,0,.3,0,68,0,1014.5,0,
9.2,0,0,2.8,0,23,0,1013,0,
5.2,0,0,3.7,0,43,0,1014.6,0,
1.6,0,0,.9,0,45,0,1016.4,0,
-.9,0,0,.5,0,53,0,1015.9,0,
4.2,0,0,.8,0,34,0,1017.8,0,
10,0,0,2.7,0,20,0,1015,0,
4,0,0,2.9,0,37,0,1015.8,0,
.9,0,0,.7,0,41,0,1016.4,0,
-.8,0,0,1.3,0,58,0,1016.3,0,
8.1,0,0,1.5,0,26,0,1016,0,
11.7,0,0,3.2,0,30,0,1012.1,0,
6.3,0,0,1.8,0,45,0,1011.6,0,
4.5,0,0,.2,0,63,0,1011.1,0,
3.1,0,0,2.3,0,65,0,1008.7,0,
9.6,0,0,1.9,0,35,0,1006.4,0,
4.6,0,0,5.6,0,78,0,1004.9,0,
2.5,0,0,2,0,92,0,1002.9,0,
1.2,.5,4.1,93,1001.4,
-.6,0,0,3.5,0,82,0,1003.7,0,
4.1,0,0,3,0,51,0,1004.8,0,
3.7,0,0,4.2,0,51,0,1006,0,
-.8,0,0,1,0,37,0,1009.2,0,
-2.4,0,0,.4,0,52,0,1009.7,0,
.4,0,0,2.2,0,51,0,1011.3,0,
9.6,0,0,3.7,0,37,0,1008.4,0,
5.6,0,0,2.9,0,61,0,1008.7,0,
2.7,0,0,.9,0,75,0,1009.4,0,
1,0,0,1.2,0,82,0,1008.7,0,
6.3,0,0,1.4,0,59,0,1009.9,0,
12.5,0,0,3.2,0,36,0,1007.6,0,
6.6,0,0,2.4,0,61,0,1007.8,0,
2.9,0,0,1.7,0,76,0,1007.7,0,
1.4,0,0,1.7,0,81,0,1008.2,0,
6.9,0,0,1.3,0,61,0,1006.6,0,
8.9,0,0,3.3,0,57,0,1003.4,0,
5,0,3,84,1003.9,
.7,0,0,2.8,0,58,0,1004.4,0,
-2.7,0,0,2.3,0,64,0,1006,0,
2,0,0,5.2,0,28,0,1006.3,0,
3.1,0,0,4.7,0,25,0,1005.4,0,
-1.1,0,0,2.6,0,43,0,1007.3,0,
-2.1,0,0,3,0,62,0,1005.6,0,
-3.8,0,0,3.4,0,35,0,1006.9,0,
.4,0,0,4.6,0,27,0,1006.1,0,
.6,0,0,3.8,0,27,0,1004.4,0,
-3.1,0,0,4,0,47,0,1007,0,
-5.1,0,0,1.3,0,57,0,1005.4,0,
-1.7,0,0,2.7,0,48,0,1005.9,0,
4.1,0,0,3.8,0,41,0,1003,0,
2.3,0,0,4.2,0,59,0,1001.7,0,
-1,0,0,2.6,0,60,0,1003.4,0,
-2.6,0,0,.6,0,64,0,1002.6,0,
4.5,0,0,4.5,0,58,0,1002.8,0,
9.8,0,0,4.5,0,28,0,999.2,0,
4.4,0,0,5.1,0,45,0,1001.5,0,
.7,0,0,1.3,0,41,0,1005,0,
-1,0,0,1.2,0,60,0,1006.7,0,
7.5,0,0,2.4,0,26,0,1010.1,0,
10.9,0,0,3.6,0,23,0,1007.8,0,
4.7,0,0,1.6,0,33,0,1009.9,0,
1.9,0,0,0,0,55,0,1012.1,0,
-.1,0,0,1.9,0,49,0,1012.9,0,
11.8,0,0,1.1,0,25,0,1013.4,0,
12.7,0,0,4.5,0,27,0,1011.5,0,
6.7,0,0,1.9,0,48,0,1012.8,0,
5.7,0,0,.3,0,55,0,1011.8,0,
5.1,0,0,.9,0,51,0,1011.9,0,
13.1,0,0,2.2,0,48,0,1009.6,0,
9.3,0,0,2.1,0,68,0,1008.5,0,
7.1,0,0,3.2,0,82,0,1009.1,0,
2.6,0,0,.4,0,78,0,1009.5,0,
4.7,0,0,.4,0,53,0,1009.6,0,
11.2,0,0,3.4,0,31,0,1006.9,0,
9,0,0,1.8,0,35,0,1005.9,0,
5.1,0,0,2.1,0,51,0,1006.9,0,
1.9,0,0,1.8,0,59,0,1006.6,0,
5.1,0,0,4.4,0,37,0,1008.5,0,
10.7,0,0,4.1,0,22,0,1006.5,0,
7,0,0,4.1,0,26,0,1009.5,0,
3.7,0,0,2.4,0,33,0,1011.5,0,
.8,0,0,.6,0,45,0,1012.6,0,
9.5,0,0,2,0,23,0,1013.8,0,
12.7,0,0,3.2,0,17,0,1010.9,0,
5.5,0,0,2.3,0,45,0,1011.6,0,
2.5,0,0,.8,0,55,0,1011.9,0,
1.1,0,0,.8,0,58,0,1012.1,0,
10.5,0,0,2.1,0,26,0,1011.5,0,
11.6,0,0,4.3,0,27,0,1009.1,0,
4.6,0,0,1.3,0,44,0,1011.5,0,
2.4,0,0,.6,0,72,0,1012.2,0,
2.2,0,0,1.3,0,56,0,1013.8,0,
13,0,0,3,0,26,0,1012.7,0,
11.4,0,0,4.7,0,30,0,1012,0,
6.6,0,0,1.4,0,37,0,1013.7,0,
6.2,0,0,1.3,0,44,0,1013.7,0,
8,0,0,.7,0,41,0,1014.6,0,
15.7,0,0,4,0,17,0,1013,0,
9.7,0,0,2.7,0,27,0,1013,0,
6.3,0,0,1.4,0,59,0,1014.8,0,
4,0,0,.1,0,55,0,1015.2,0,
10.5,0,0,1.4,0,33,0,1017.7,0,
18.8,0,0,2,0,20,0,1013.5,0,
13.7,0,0,3.5,0,25,0,1013.3,0,
8.6,0,0,1,0,38,0,1013.2,0,
6.2,0,0,2,0,43,0,1012.1,0,
12.6,0,0,2.6,0,30,0,1010,0,
15.2,0,0,1.9,0,26,0,1006.1,0,
9,0,0,1.5,0,53,0,1005.6,0,
6.4,0,0,1.5,0,68,0,1004,0,
4.4,0,0,2.1,0,81,0,1003.8,0,
8.8,0,0,4.8,0,39,0,1005.2,0,
11.9,0,0,2.7,0,32,0,1005,0,
6.5,0,0,3.1,0,36,0,1009.3,0,
3.7,0,0,1.6,0,44,0,1009.9,0,
3.3,0,0,.7,0,42,0,1010.8,0,
12,0,0,2.9,0,20,0,1009.8,0,
10.1,0,0,4.3,0,27,0,1009.9,0,
7.1,0,0,1,0,32,0,1010.7,0,
6,0,0,.6,0,39,0,1010.1,0,
7.8,0,0,.9,0,37,0,1011,0,
13.8,0,0,3.1,0,20,0,1008.5,0,
10.1,0,0,3.6,0,35,0,1008.3,0,
6.6,0,0,.9,0,34,0,1010.8,0,
4.3,0,0,2.6,0,56,0,1011.7,0,
9.2,0,0,2,0,46,0,1012.5,0,
14.6,0,0,2.4,0,23,0,1008.8,0,
9.3,0,0,1.2,0,47,0,1008.9,0,
7.1,0,0,.4,0,44,0,1009.1,0,
6.5,0,0,2.1,0,53,0,1008.9,0,
10.6,0,0,2.9,0,42,0,1009.2,0,
11.5,0,0,3.8,0,22,0,1007.6,0,
5.9,0,0,1.3,0,38,0,1009.5,0,
5.1,0,0,1.3,0,59,0,1008.8,0,
4.8,0,0,1.5,0,53,0,1007.9,0,
10.7,0,0,2.3,0,36,0,1007.9,0,
8.8,0,0,3,0,51,0,1006.5,0,
6,0,0,2.6,0,75,0,1008.2,0,
5.3,0,0,3.9,0,79,0,1008.1,0,
5.1,0,0,2,0,75,0,1009,0,
8.7,0,0,2.7,0,52,0,1009.2,0,
6.9,.4,2.2,61,1008.9,
4.7,0,0,.7,0,77,0,1011.1,0,
3,0,0,1.2,0,87,0,1012.1,0,
5.4,0,0,2.5,0,77,0,1013.8,0,
12.4,0,0,3.5,0,38,0,1011.9,0,
8.8,0,0,3.6,0,37,0,1011.4,0,
5.5,0,0,1.3,0,62,0,1012.7,0,
4.7,0,0,2.3,0,80,0,1013,0,
9.5,0,0,1.3,0,52,0,1013.1,0,
14.3,0,0,3,0,26,0,1010.3,0,
9.3,0,0,1.8,0,51,0,1010.7,0,
5.8,0,0,1.2,0,58,0,1011.9,0,
4.3,0,0,1.1,0,68,0,1012.6,0,
13,0,0,2.9,0,39,0,1012.7,0,
16.7,0,0,3.5,0,30,0,1009,0,
10.6,0,0,1.7,0,62,0,1010.2,0,
10.4,0,0,.7,0,58,0,1009,0,
9.6,0,0,2.5,0,57,0,1008.4,0,
12,0,1.6,53,1007.7,
7.6,0,0,2.6,0,84,0,1006.5,0,
5.6,0,0,1.6,0,80,0,1008,0,
5.7,0,0,.6,0,77,0,1006.7,0,
6.6,0,0,1.7,0,71,0,1006.4,0,
12.9,0,0,2.8,0,39,0,1004.3,0,
11.7,0,0,2.6,0,51,0,1003.3,0,
5.9,0,0,2,0,74,0,1006.9,0,
4,0,0,.3,0,78,0,1007,0,
7.7,0,0,.5,0,65,0,1008.9,0,
15,0,0,5,0,29,0,1007.6,0,
10.7,0,0,3.8,0,38,0,1007.4,0,
7.1,0,0,1.8,0,56,0,1009.5,0,
4.9,0,0,1.5,0,67,0,1010.7,0,
11.7,0,0,2,0,47,0,1013.6,0,
19,0,0,3.2,0,22,0,1011.5,0,
12.8,0,0,2.8,0,34,0,1012.2,0,
8.9,0,0,.9,0,52,0,1014.2,0,
7,0,0,1,0,57,0,1014.3,0,
16.9,0,0,1.2,0,29,0,1014.8,0,
20.8,0,0,3.2,0,22,0,1011.7,0,
14.3,0,0,1.7,0,35,0,1012.4,0,
12.8,0,0,2,0,38,0,1011.1,0,
11.6,0,2,37,1010.6,
14,.1,2.8,42,1008.6,
10.8,4.5,4.4,91,1002.8,
11.4,3,1.8,98,1001.3,
11,.5,3.4,98,1000.1,
9.7,0,3,99,1001.7,
11.2,0,0,2.7,0,80,0,1002.3,0,
10.6,0,.8,84,1001.8,
9.9,0,0,1.4,0,86,0,1003.9,0,
9,0,0,1.9,0,90,0,1004,0,
11.5,0,0,2.7,0,75,0,1005.8,0,
21.3,0,0,1.3,0,36,0,1002.9,0,
16.9,0,0,3.5,0,64,0,1001.6,0,
12.3,0,0,1.2,0,78,0,1003.2,0,
9.4,0,0,2.5,0,85,0,1003,0,
12,0,0,2.1,0,76,0,1003.7,0,
19.4,0,0,3.4,0,50,0,1000.6,0,
13,0,0,2.7,0,76,0,1000.6,0,
11.4,.1,.9,89,1002.2,
10.7,0,0,1.3,0,93,0,1002.7,0,
17.1,0,0,5.6,0,52,0,1003.8,0,
19.6,0,0,4,0,37,0,1003.7,0,
14.2,0,0,3.2,0,44,0,1005,0,
12.2,0,0,2.9,0,41,0,1006.2,0,
10.3,0,0,4.3,0,43,0,1006.1,0,
19.5,0,0,3.7,0,12,0,1003.6,0,
22,0,0,3.3,0,11,0,997.8,0,
16.6,0,0,.4,0,26,0,997.8,0,
14,0,0,1.6,0,43,0,996,0,
12,0,0,3.6,0,55,0,996.7,0,
18.9,0,0,5,0,34,0,994.6,0,
18.7,0,0,4.7,0,37,0,993.9,0,
12.2,0,0,2.5,0,23,0,998.9,0,
10.9,0,0,3.8,0,10,0,1002.7,0,
11.1,0,0,3.9,0,18,0,1005.3,0,
15.9,0,0,4.3,0,15,0,1004,0,
11.3,0,0,3.6,0,16,0,1004.4,0,
8.8,0,0,3.6,0,62,0,1006.4,0,
6.6,0,0,.4,0,83,0,1007.2,0,
13.3,0,0,1.6,0,40,0,1007.4,0,
19,0,0,3,0,22,0,1004.1,0,
13.6,0,0,2.9,0,67,0,1004.1,0,
12.4,0,0,3.5,0,42,0,1005.7,0,
10.1,0,0,1.1,0,42,0,1003.4,0,
17.3,0,0,7.7,0,37,0,1001,0,
12.9,.5,3.3,82,998.9,
12.2,0,0,2.5,0,76,0,1001.3,0,
11.3,0,0,1.3,0,82,0,1002.3,0,
11.4,0,0,2.1,0,82,0,1003.6,0,
20.1,0,0,1.4,0,48,0,1003.7,0,
22.1,0,0,3,0,41,0,1002.9,0,
16.3,0,0,1.8,0,60,0,1004.6,0,
13.4,0,0,0,0,74,0,1004.9,0,
14.7,0,0,2,0,68,0,1006.2,0,
23.4,0,0,2.6,0,43,0,1005.3,0,
22.3,0,0,1.1,0,36,0,1002.6,0,
18.5,0,0,.9,0,46,0,1001.1,0,
16.2,0,0,1,0,63,0,998.2,0,
17.3,0,0,1,0,41,0,993,0,
13.2,2,5,86,989,
14.2,0,0,2.5,0,76,0,988.5,0,
11.2,0,0,1.2,0,78,0,991.1,0,
9.8,0,0,.1,0,84,0,990,0,
14.5,0,0,2.1,0,67,0,988.1,0,
11.6,2.5,4.3,92,985.9,
10.8,0,0,3.3,0,77,0,989,0,
8.8,0,0,2.3,0,68,0,993.9,0,
7,0,0,1.1,0,75,0,996.4,0,
15.3,0,0,3.5,0,27,0,999.5,0,
17.7,0,0,4.9,0,29,0,1000.6,0,
12.1,0,0,1.8,0,38,0,1003.1,0,
10.7,.1,3.3,56,1002.3,
10.1,0,0,1.6,0,54,0,1003.6,0,
15.5,0,0,1.3,0,33,0,1002.1,0,
16.7,0,0,3.9,0,36,0,1000.4,0,
11.1,0,0,2.9,0,55,0,1002.3,0,
8.7,0,0,1,0,66,0,1002,0,
10.1,0,0,.4,0,60,0,1001.5,0,
18.5,0,0,3.5,0,33,0,999.8,0,
15.9,0,0,3.5,0,47,0,999.4,0,
11,0,0,.9,0,72,0,1001.4,0,
9.1,0,0,1.2,0,83,0,1001.4,0,
13.8,0,0,.3,0,54,0,1003.3,0,
21.6,0,0,3.4,0,21,0,1001.7,0,
16.4,0,0,4.2,0,33,0,1002.8,0,
11.6,0,0,.6,0,52,0,1004.8,0,
9.5,0,0,.8,0,73,0,1005.7,0,
16.9,0,0,1.8,0,35,0,1007.5,0,
21.1,0,0,5.6,0,21,0,1005.9,0,
15,0,0,2.7,0,30,0,1006.7,0,
11,0,0,.4,0,42,0,1009.1,0,
8.3,0,0,1.6,0,55,0,1009.2,0,
19.1,0,0,3.9,0,24,0,1009.1,0,
20.1,0,0,4.5,0,25,0,1006.6,0,
14.7,0,0,2.4,0,50,0,1008.5,0,
14,0,0,0,50,0,1007.3,0,
13.2,0,0,.5,0,52,0,1007.4,0,
19.4,0,0,4.9,0,55,0,1008.5,0,
18.8,0,0,2.5,0,52,0,1007.4,0,
14.1,0,0,3.1,0,68,0,1009.1,0,
12.8,0,0,1.9,0,76,0,1007.5,0,
12.4,0,0,2,0,35,0,1007.5,0,
19.2,0,0,4,0,16,0,1005.4,0,
17.8,0,0,4.7,0,25,0,1002.9,0,
12.3,0,0,3.7,0,35,0,1005,0,
9.2,0,0,1.8,0,53,0,1003.8,0,
13.4,0,0,2.8,0,35,0,1003.3,0,
19.2,0,0,5.4,0,23,0,1000.5,0,
15,0,0,4.4,0,35,0,998.6,0,
10.9,0,0,2.1,0,71,0,999.8,0,
9.2,0,0,2.2,0,77,0,997,0,
16.7,0,0,3.9,0,39,0,996.1,0,
20.3,0,0,4.8,0,34,0,992.5,0,
13.9,0,0,2.8,0,66,0,993.3,0,
11.3,0,0,1.6,0,71,0,995.7,0,
9.6,0,0,.9,0,73,0,997,0,
19.7,0,0,2.4,0,41,0,998.1,0,
23.5,0,0,4.1,0,17,0,995.8,0,
18.2,0,0,2.2,0,30,0,995.9,0,
15.8,0,0,3.1,0,60,0,996.5,0,
14.3,0,0,.6,0,69,0,996.3,0,
24.5,0,0,3.5,0,38,0,996.4,0,
25.6,0,0,3,0,41,0,995.9,0,
16.6,0,0,2.1,0,71,0,1000,0,
13.8,0,0,.2,0,86,0,1002.7,0,
16.6,0,0,2.7,0,44,0,1006.3,0,
26.3,0,0,2.1,0,25,0,1005.8,0,
24.4,0,0,3.6,0,39,0,1005.4,0,
18.6,0,0,.3,0,58,0,1008.5,0,
15.7,0,0,1.2,0,63,0,1009.9,0,
19.8,0,0,2.1,0,48,0,1012.5,0,
26.8,0,0,2.6,0,30,0,1010.9,0,
21.6,0,0,3.7,0,36,0,1010.1,0,
18.4,0,0,3.1,0,31,0,1011.9,0,
14.8,0,0,.9,0,51,0,1011.6,0,
23.3,0,0,1.2,0,32,0,1012.3,0,
30,0,0,3.2,0,16,0,1008.7,0,
20.7,0,0,3.7,0,37,0,1009.2,0,
17.4,0,0,1.3,0,44,0,1009.5,0,
14.8,0,0,1.3,0,55,0,1008.2,0,
25.2,0,0,1.7,0,30,0,1006.6,0,
25,0,0,4.9,0,37,0,1004.1,0,
20.8,0,0,1.8,0,48,0,1004.8,0,
19.4,0,0,2.7,0,59,0,1004.8,0,
18,0,0,.3,0,61,0,1005,0,
26,0,0,3.3,0,40,0,1002.8,0,
23.7,0,0,6.4,0,49,0,1001.4,0,
17.5,0,0,3.1,0,78,0,1002.7,0,
12.3,0,0,2.8,0,22,0,1005,0,
13.4,0,0,2.6,0,21,0,1006.1,0,
19.2,0,0,5.6,0,16,0,1005.2,0,
16.8,0,0,6.2,0,41,0,1003.2,0,
12.9,0,0,1.3,0,43,0,1005.7,0,
11.5,0,0,2.3,0,71,0,1004.8,0,
15.4,0,0,2.7,0,62,0,1004.6,0,
21.9,0,0,5.4,0,21,0,1002.6,0,
18.5,0,0,5.3,0,21,0,1002.4,0,
14.1,0,0,2,0,41,0,1004.1,0,
11.3,0,0,2,0,51,0,1003.5,0,
19.6,0,0,2.9,0,50,0,1004.2,0,
22.8,0,0,4.3,0,40,0,1003.1,0,
18.6,0,0,2.3,0,35,0,1003.3,0,
17.2,0,0,.4,0,44,0,1003.2,0,
15.3,0,0,1.1,0,54,0,1003.9,0,
18,0,2.3,53,1002.5,
19.9,.3,.9,56,997.9,
15.6,0,.3,86,997.9,
15.4,0,1.6,77,996.9,
14.5,.5,1.9,94,998.2,
17.9,0,0,3.4,0,67,0,999.3,0,
20.7,0,0,3.1,0,56,0,999.5,0,
14.5,0,0,1.8,0,68,0,1002.8,0,
13.4,0,0,1.4,0,79,0,1001.6,0,
15.1,0,0,2.2,0,71,0,1001.6,0,
22.9,0,0,1.8,0,54,0,1001.2,0,
24.6,0,0,1.6,0,49,0,1000.3,0,
19.9,0,0,.8,0,73,0,1000.9,0,
19,0,0,1.7,0,65,0,999,0,
19.8,0,0,2.8,0,71,0,999.1,0,
20.2,0,0,3.8,0,75,0,999.1,0,
19.6,0,0,1.7,0,66,0,997.7,0,
16.8,0,0,.8,0,79,0,998.4,0,
15.1,0,0,.3,0,88,0,997.8,0,
20.6,0,0,3.5,0,63,0,995.4,0,
18.4,4,8,77,991.4,
14.2,0,0,3.4,0,83,0,995.7,0,
12.3,0,0,4,0,85,0,998.3,0,
11.1,0,0,1.3,0,84,0,997.9,0,
18.3,0,0,5.3,0,37,0,998.8,0,
20.3,0,0,5.5,0,35,0,998.5,0,
15,0,0,2.5,0,56,0,1001,0,
12.9,0,0,2.4,0,66,0,1001,0,
13.3,0,0,3.3,0,65,0,1001.6,0,
19,0,0,3.2,0,49,0,1002,0,
18.1,0,0,4.1,0,61,0,1000.7,0,
15.4,0,2.8,71,1002.4,
13.5,0,0,1.3,0,81,0,1002.2,0,
15.1,0,0,1.2,0,68,0,1001.7,0,
21.4,0,0,2,0,43,0,1000.6,0,
21.2,0,0,1.9,0,47,0,998.5,0,
14.8,0,0,1.2,0,64,0,1000.2,0,
12.8,0,0,.3,0,74,0,1000,0,
18.2,0,0,1,0,52,0,1001.9,0,
25.6,0,0,2.1,0,30,0,1000.4,0,
21.8,0,0,4.4,0,40,0,1000.9,0,
15.6,0,0,.6,0,46,0,1003.8,0,
14,0,0,.7,0,51,0,1005.1,0,
22,0,0,2,0,39,0,1006.5,0,
26.2,0,0,4.3,0,31,0,1004.7,0,
21.5,0,0,2.9,0,44,0,1005.2,0,
17.7,0,0,2.1,0,54,0,1006.6,0,
15.1,0,0,.5,0,67,0,1007.2,0,
25,0,0,3.1,0,31,0,1006.8,0,
27,0,0,4.7,0,27,0,1005.5,0,
19.6,0,0,2.8,0,42,0,1007,0,
16.5,0,0,.8,0,59,0,1006.7,0,
16.1,0,0,1,0,55,0,1006.9,0,
25.5,0,0,3.7,0,32,0,1006.1,0,
25.3,0,0,4.7,0,31,0,1004.1,0,
19.1,0,0,2.2,0,44,0,1005.5,0,
16.8,0,0,1.6,0,53,0,1005.1,0,
18.3,0,0,.7,0,49,0,1006.4,0,
26.4,0,0,3.5,0,32,0,1004.9,0,
25.9,0,0,3.1,0,41,0,1003.1,0,
19.2,0,0,1.6,0,62,0,1005.4,0,
16.4,0,0,1,0,74,0,1005.3,0,
22.3,0,0,1.4,0,54,0,1005.6,0,
27,0,0,3.9,0,43,0,1003.3,0,
23.2,0,0,4.7,0,38,0,1002.2,0,
18.7,0,0,1.1,0,63,0,1003.1,0,
17.4,0,0,1.1,0,69,0,1002,0,
22.8,0,0,3,0,53,0,1001.4,0,
23.6,0,0,4.4,0,51,0,999.8,0,
17.9,2.5,.2,91,999.9,
17.9,.1,.1,91,999.1,
17,0,0,1.4,0,89,0,998.8,0,
23.5,0,0,2,0,55,0,998.7,0,
27.6,0,0,3.5,0,39,0,996.5,0,
20.8,0,0,2.1,0,57,0,997.9,0,
17.6,0,0,1.3,0,69,0,997.4,0,
16.6,0,0,.9,0,63,0,996.4,0,
22.3,0,0,3.7,0,49,0,993.4,0,
22.9,0,0,5.5,0,29,0,993,0,
16.5,0,0,3.3,0,39,0,995.8,0,
12.9,0,0,2.4,0,44,0,996.6,0,
14.6,0,0,4.8,0,38,0,997.4,0,
21.6,0,0,4.5,0,27,0,997.5,0,
21.6,0,0,3.4,0,36,0,997.2,0,
16.8,0,0,.6,0,62,0,999.9,0,
14.3,0,0,1,0,79,0,1000.4,0,
19.1,0,0,2,0,54,0,1002.5,0,
25.8,0,0,3.2,0,26,0,1001.7,0,
22.4,0,0,3.5,0,32,0,1001.5,0,
16.6,0,0,2.1,0,35,0,1002.6,0,
14.4,0,0,1.5,0,52,0,1002.4,0,
22.9,0,0,2.1,0,31,0,1002.3,0,
27.5,0,0,2.9,0,38,0,1000.4,0,
22,0,0,3.9,0,66,0,999.9,0,
19,0,0,2.2,0,78,0,1001.8,0,
18.5,0,0,1.2,0,77,0,1002.7,0,
25,0,0,1.9,0,54,0,1002.6,0,
28.8,0,0,2.9,0,40,0,1000.6,0,
21.9,0,0,3.1,0,65,0,1001.2,0,
19.1,0,0,.9,0,79,0,1000.5,0,
19.5,0,0,2,0,64,0,1001.8,0,
26.7,0,0,2.8,0,34,0,1000.2,0,
29.5,0,0,4.8,0,7,0,997.7,0,
21.9,0,0,2,0,49,0,997.6,0,
18.5,0,0,.2,0,55,0,996.1,0,
21.3,0,0,1.2,0,45,0,995.4,0,
26.7,0,0,1.2,0,37,0,993,0,
27.2,0,0,4.1,0,44,0,989.8,0,
21.5,0,0,2.6,0,74,0,990.9,0,
20.6,0,0,1.1,0,82,0,990,0,
23.2,0,0,1.8,0,66,0,989.8,0,
26.2,0,0,5.7,0,50,0,988,0,
25.3,0,0,5.4,0,30,0,987.5,0,
20,0,0,1.7,0,31,0,990.8,0,
15.9,0,0,1.6,0,59,0,992.9,0,
21.3,0,0,3,0,28,0,993.9,0,
25.4,0,0,3.9,0,24,0,993.9,0,
21,0,0,3.5,0,32,0,994.8,0,
18.2,0,0,3,0,39,0,996.1,0,
16.1,0,0,2.9,0,55,0,997.3,0,
22.3,0,0,5,0,36,0,997.2,0,
26.4,0,0,3.1,0,28,0,996.2,0,
19.8,0,0,3.1,0,53,0,998.5,0,
17.2,0,0,1.5,0,55,0,999.8,0,
16.8,0,0,.5,0,44,0,1001.2,0,
26.4,0,0,4.5,0,23,0,1001.2,0,
26.7,0,0,5.2,0,25,0,999.8,0,
20.2,0,0,3.1,0,48,0,1003.6,0,
18.3,0,0,1,0,46,0,1003.3,0,
21.4,0,0,1.3,0,35,0,1005.4,0,
28.5,0,0,2,0,26,0,1004.4,0,
29.5,0,0,1.7,0,19,0,1003.2,0,
22.9,0,0,.9,0,40,0,1005.6,0,
20.4,0,0,2.2,0,44,0,1005.6,0,
20.9,0,0,2.8,0,43,0,1005.1,0,
23.9,0,1.9,38,1002.8,
16.6,1,3.7,79,1000.9,
15.1,2,2.2,98,997.3,
16.3,.5,1.6,100,993.6,
18.4,1,.7,100,993.3,
18.1,0,2.5,92,993.3,
18,0,0,2.9,0,80,0,995.9,0,
16.2,0,0,2.4,0,86,0,998.2,0,
15.8,0,0,2.1,0,87,0,1000,0,
22,0,0,3.6,0,63,0,1000.7,0,
24.6,0,0,5.2,0,49,0,999.4,0,
20.1,0,0,3,0,68,0,999.2,0,
18.2,0,0,2.4,0,70,0,999.3,0,
18.3,.1,3.3,81,998.2,
23.3,0,0,4.7,0,57,0,997.1,0,
24.1,0,3.2,57,994.5,
20.6,0,0,3.8,0,78,0,996,0,
19,0,0,1.3,0,84,0,995.9,0,
17,0,1.2,80,998.1,
24.3,0,0,2.5,0,18,0,997.6,0,
27.2,0,0,2.1,0,18,0,995.6,0,
19.9,0,0,.6,0,38,0,997.1,0,
15.6,0,0,.5,0,46,0,997.1,0,
22.4,0,0,1.3,0,31,0,998.2,0,
28,0,0,4.1,0,19,0,997.4,0,
26.7,0,0,3.9,0,34,0,998.3,0,
20.9,0,0,2.5,0,41,0,1001.8,0,
17.2,0,0,3.4,0,52,0,1003.9,0,
23.6,0,0,3.2,0,34,0,1005,0,
27.3,0,0,2.1,0,27,0,1003.3,0,
21.4,0,0,3.8,0,58,0,1003.7,0,
19.4,0,0,1.2,0,66,0,1005.2,0,
18.6,0,0,1,0,64,0,1005.8,0,
23,0,0,3.1,0,58,0,1004.9,0,
25.2,0,0,4.8,0,51,0,1002.8,0,
20,0,2.3,78,1003.6,
18.3,0,0,1.4,0,86,0,1002.5,0,
18.6,0,0,1.5,0,79,0,1002.4,0,
24.6,0,0,3.1,0,50,0,1001.4,0,
26.1,0,0,4.6,0,42,0,999,0,
20.6,0,0,2.6,0,63,0,999.7,0,
18.5,0,0,1,0,78,0,999,0,
19.3,0,0,1.7,0,76,0,999.5,0,
28.6,0,0,3.6,0,40,0,997.2,0,
27.4,0,0,3.4,0,45,0,996.3,0,
21.7,0,0,1.5,0,70,0,998.8,0,
20.3,0,0,1.5,0,79,0,999.1,0,
24.4,0,0,2,0,58,0,1000.1,0,
32.1,0,0,1.9,0,34,0,998.3,0,
27.8,0,0,3.5,0,44,0,998.5,0,
22.8,0,0,1.2,0,57,0,1000.5,0,
20.9,0,0,1.7,0,57,0,1000.8,0,
25.1,0,0,2.9,0,50,0,1001.4,0,
29.2,0,0,3.1,0,33,0,999.5,0,
23.3,0,0,2.9,0,60,0,1000,0,
20.1,0,0,1.5,0,74,0,1000.7,0,
18.7,0,0,1.2,0,74,0,1001.3,0,
27.2,0,0,2.9,0,35,0,1000.8,0,
30.4,0,0,4.2,0,33,0,998.6,0,
23.3,0,0,3.3,0,61,0,1000,0,
20.6,0,0,.2,0,71,0,1000.3,0,
20.3,0,0,.3,0,77,0,1000.7,0,
28.1,0,0,2,0,35,0,1000,0,
30,0,0,2.8,0,30,0,998.5,0,
24.2,0,0,.7,0,50,0,998.5,0,
20.8,0,0,0,0,64,0,997.3,0,
23.7,0,0,1.3,0,46,0,997.3,0,
31.7,0,0,3.6,0,28,0,994.5,0,
27.8,0,0,3.3,0,41,0,992.7,0,
25.1,0,0,3,0,47,0,993.7,0,
22.8,0,0,1.8,0,60,0,993.5,0,
26,0,0,.8,0,44,0,995.1,0,
31.5,0,0,3.5,0,32,0,994.6,0,
25.2,0,0,5.1,0,54,0,996.2,0,
21.7,0,0,1.7,0,75,0,998.6,0,
21.5,0,0,1.3,0,79,0,999.3,0,
25.8,0,0,1.7,0,56,0,999.4,0,
30.1,0,0,3.3,0,44,0,998.2,0,
25.8,0,0,3.4,0,51,0,997.9,0,
22.9,0,0,1.2,0,66,0,998.5,0,
21.3,0,0,.8,0,74,0,998,0,
30.1,0,0,1.2,0,40,0,996.8,0,
32.9,0,0,4.2,0,41,0,994.4,0,
25.7,0,0,1.2,0,52,0,995.3,0,
24.3,0,0,1.6,0,48,0,994.6,0,
23.6,0,0,1,0,52,0,994.7,0,
27.7,0,0,1.5,0,43,0,993.1,0,
24.3,.1,.9,70,991.9,
22.7,.5,.8,85,992.9,
21.2,0,0,1.1,0,90,0,991.8,0,
23,0,0,.6,0,75,0,992.4,0,
27.9,0,0,2.6,0,52,0,991.9,0,
25.5,0,0,2.7,0,71,0,992.2,0,
21.4,0,0,2.5,0,84,0,994.8,0,
21.3,3,2.1,87,995.9,
20.2,11,2,91,997.9,
29,0,0,2.9,0,49,0,996.3,0,
22.9,.5,1.1,87,997.1,
21.7,0,0,2.8,0,77,0,999.7,0,
20.9,0,0,1.7,0,83,0,999.7,0,
26.5,0,0,1.2,0,56,0,1000,0,
30,0,0,3.4,0,51,0,998.6,0,
25.1,0,0,3.4,0,68,0,1000.1,0,
23.5,0,0,1,0,81,0,1001.2,0,
22.5,0,0,1.3,0,81,0,1002.5,0,
27.2,0,0,2.4,0,57,0,1002.1,0,
30.5,0,0,2.8,0,51,0,1000.8,0,
25.6,0,0,2.1,0,65,0,1002.1,0,
23.5,0,0,2.3,0,75,0,1002.6,0,
22.4,0,0,1,0,80,0,1002.6,0,
29.6,0,0,3.1,0,49,0,1002.2,0,
30.7,0,0,3.9,0,48,0,999.5,0,
24.8,0,0,1.7,0,73,0,999.6,0,
22.7,0,0,1.1,0,82,0,999.4,0,
24.2,0,0,1,0,75,0,999.3,0,
29.9,0,0,3.3,0,50,0,998.1,0,
27.7,0,0,3.7,0,52,0,996.6,0,
24.2,0,0,1.9,0,70,0,997.8,0,
22.8,0,0,1.7,0,83,0,996.7,0,
24,0,0,2,0,74,0,998.2,0,
29.6,0,0,2.6,0,50,0,996.8,0,
25.5,0,2.5,77,997.2,
24.5,0,2.8,85,998.4,
23.8,2.5,2.1,93,997.7,
24.9,0,.7,91,997.7,
26,0,4.3,86,996.4,
25.2,0,2.6,87,996.2,
22,50.5,2.6,100,995.3,
23.4,2.5,4,98,994.6,
24.5,0,0,1.9,0,88,0,996.1,0,
26.3,0,0,5.3,0,77,0,995.5,0,
24.6,0,0,3.1,0,85,0,996.7,0,
24,0,.9,89,995.6,
23.9,0,.3,91,995.5,
29.3,0,0,2.5,0,59,0,995.4,0,
30.5,0,0,4.5,0,58,0,994.8,0,
25.3,0,0,1.6,0,77,0,997.7,0,
23.5,0,0,1.4,0,85,0,998.8,0,
24.3,0,0,1,0,76,0,1001.1,0,
31.3,0,0,1.6,0,49,0,1000,0,
31.4,0,0,4,0,55,0,999,0,
26.7,0,0,1.1,0,72,0,1000.9,0,
24.2,0,0,1.2,0,82,0,1000.5,0,
28.2,0,0,2.4,0,65,0,1001.3,0,
33,0,0,1.3,0,48,0,998.9,0,
25.5,23,.8,91,999,
25.2,0,0,0,0,88,0,999.8,0,
24.6,0,0,1.1,0,82,0,998.8,0,
27.1,0,2.3,74,998.4,
28,0,3.2,75,997.3,
25.7,9,2.8,91,996.4,
25.6,0,0,2.7,0,86,0,996.5,0,
25.9,0,1.7,85,995.3,
25.4,0,3.1,86,996.3,
27.5,0,2.8,78,995.8,
26,0,2.2,81,997.6,
25.8,0,0,.6,0,82,0,998.3,0,
24.7,.5,.6,94,997.9,
28.3,0,1.4,75,997.5,
26.6,1,1.6,90,995,
24.8,5.5,2.2,92,995.1,
23.8,1,1.5,98,991.9,
24.7,19.5,1.4,98,990.3,
24.8,13.5,3.7,99,990.3,
23.8,1,2,96,991,
22.7,2.5,.2,100,992.5,
22.3,0,2.7,99,993.4,
23.3,0,1.9,90,997.5,
29.7,0,0,2.3,0,57,0,997.8,0,
28.2,0,0,3.7,0,77,0,998.2,0,
26.1,0,0,1.5,0,85,0,1000.2,0,
25,0,1.7,90,1000.7,
27.1,0,0,2.8,0,75,0,1001.3,0,
30.5,0,0,3.4,0,58,0,1000,0,
27.4,0,0,2.3,0,72,0,999.3,0,
24.5,0,0,.3,0,82,0,999.3,0,
23.1,0,0,.4,0,87,0,999.2,0,
28.9,0,0,1.3,0,57,0,999,0,
31.7,0,0,3,0,54,0,997.1,0,
28,0,0,2.5,0,74,0,996.7,0,
26.5,0,0,1.2,0,76,0,997.8,0,
26.6,0,0,.5,0,75,0,997.5,0,
32.3,0,0,2.5,0,55,0,997.7,0,
29.1,0,0,4.1,0,74,0,997.9,0,
28.1,0,0,2,0,66,0,998.9,0,
25.3,2.5,1.5,87,998.2,
24.3,0,1.1,90,998.9,
26,0,4,83,999.2,
25.2,0,0,2.6,0,87,0,999.1,0,
24.2,6,1.7,93,1001.9,
23.5,5.5,2.8,99,999.5,
24.8,0,.5,90,1001.9,
28.5,0,0,2,0,72,0,1002.5,0,
27.3,0,0,2.1,0,80,0,1001.6,0,
26.3,0,0,.1,0,83,0,1003.3,0,
26.1,0,0,1.7,0,84,0,1002.1,0,
27.9,0,0,3,0,73,0,1002.6,0,
28,0,2.8,74,1001.6,
26.2,0,0,1.7,0,71,0,1001.5,0,
23.9,.2,2,91,1001.4,
23.9,1,.1,94,1000.4,
25.7,0,0,1.7,0,84,0,1000.5,0,
30.2,0,0,2.2,0,64,0,998.4,0,
27.7,0,0,1.6,0,75,0,998.6,0,
25.1,0,0,1.4,0,88,0,998.3,0,
24.7,0,0,1.9,0,84,0,998.9,0,
30.9,0,0,1.1,0,60,0,997.4,0,
31.9,0,0,3.8,0,64,0,995.2,0,
28.2,0,0,.5,0,74,0,996.8,0,
26.4,0,0,.1,0,81,0,996.2,0,
27,0,0,2.1,0,75,0,998.3,0,
32.4,0,0,2.8,0,59,0,996.5,0,
33.3,0,0,3.6,0,57,0,995.1,0,
29.4,0,0,2.6,0,68,0,997.2,0,
27.8,0,0,2.5,0,77,0,996.7,0,
28.2,0,0,2.3,0,77,0,998.5,0,
32.2,0,0,2,0,63,0,998,0,
31.1,0,0,2,0,71,0,998.1,0,
29.5,0,0,1.2,0,78,0,999.9,0,
28.3,0,1.7,81,999.8,
27.8,0,0,2.1,0,80,0,1000.5,0,
32.2,0,0,3,0,61,0,998.6,0,
30.2,0,0,3.1,0,71,0,998.3,0,
27.6,.5,1.6,82,997.2,
27,0,2.9,86,995.5,
26.3,21.5,1.5,100,995.6,
27.5,0,0,3,0,93,0,993.3,0,
27.2,0,0,1.4,0,84,0,994.4,0,
26,0,0,1.6,0,83,0,993.8,0,
25.6,0,0,.7,0,85,0,993.5,0,
26.8,0,2.3,82,993.4,
26.9,0,0,1.5,0,75,0,991.9,0,
26.4,0,0,.5,0,84,0,993.2,0,
25.5,0,0,.2,0,86,0,992,0,
25.8,0,0,.8,0,78,0,993.5,0,
33,0,0,3.1,0,49,0,993.3,0,
34,0,0,1.9,0,42,0,993,0,
28,0,0,4.2,0,62,0,996.5,0,
24.9,0,0,3.1,0,69,0,997.2,0,
27.7,0,0,3.8,0,57,0,998.8,0,
32.3,0,0,3.1,0,46,0,997.5,0,
30.8,0,0,2.2,0,47,0,996.4,0,
27.7,0,0,1.9,0,59,0,997.6,0,
25.2,0,0,.9,0,67,0,998.6,0,
27.9,0,0,2.9,0,46,0,998.6,0,
29.6,0,0,1.6,0,55,0,997.6,0,
27.8,0,2.2,65,997.8,
25,1,1.8,93,997.5,
24.8,1.5,.5,97,997.9,
25.4,.5,1.6,92,998.2,
25.9,0,1.8,97,997.7,
25.7,0,0,2,0,87,0,998.1,0,
25,0,0,2,0,89,0,997.8,0,
25.1,0,2.4,82,998.3,
28.5,0,1.8,68,998,
29.9,0,0,2.2,0,63,0,996.7,0,
26.6,0,0,2.9,0,72,0,997.5,0,
25.1,0,0,1.6,0,74,0,996.7,0,
25.3,0,0,1,0,75,0,997.6,0,
30.6,0,0,1.8,0,53,0,997.1,0,
30.3,0,0,3.2,0,54,0,996.7,0,
27.6,0,0,.4,0,68,0,998,0,
26.1,0,0,1.7,0,78,0,997.5,0,
25.5,.5,.7,84,999,
26.1,0,3.2,83,998.9,
26,0,0,2.2,0,83,0,998.6,0,
24.8,0,0,1.3,0,86,0,999.9,0,
24.2,0,1,93,1000.3,
27.8,0,0,1.8,0,69,0,1001.2,0,
32.4,0,0,2.6,0,58,0,999.2,0,
30.9,0,0,1.4,0,68,0,999,0,
28.1,0,0,1.4,0,81,0,999.6,0,
26.6,0,0,1.2,0,85,0,998.7,0,
31,0,0,.7,0,67,0,998.4,0,
32.6,0,0,2,0,64,0,996.3,0,
30.7,0,0,1.2,0,69,0,996.1,0,
28.2,0,0,.9,0,83,0,995.5,0,
27.4,0,0,2.8,0,76,0,996,0,
33,0,0,2.7,0,50,0,995.4,0,
32.8,0,0,3,0,44,0,993.6,0,
29.2,0,0,2.2,0,58,0,995.5,0,
26.9,0,0,2.2,0,67,0,995.8,0,
27.9,0,0,1.3,0,62,0,996.8,0,
33,0,0,2,0,48,0,996.1,0,
34.3,0,0,2.8,0,50,0,994.2,0,
29.5,0,0,1.1,0,68,0,994.8,0,
28.2,0,0,.7,0,73,0,994.6,0,
31.6,0,0,1.6,0,59,0,994.7,0,
34.2,0,0,3.1,0,58,0,993.4,0,
33.3,0,0,1.4,0,60,0,990.7,0,
30.2,0,0,1.7,0,66,0,992.5,0,
28.9,0,0,1.5,0,73,0,991.2,0,
30.6,0,0,1.7,0,67,0,992.1,0,
32.1,0,0,1.5,0,60,0,989.6,0,
30.1,0,0,2.5,0,75,0,989.4,0,
27.7,0,0,1.5,0,82,0,990.1,0,
26.6,0,0,1.6,0,86,0,989.6,0,
30.4,0,0,2.8,0,62,0,990.3,0,
34,0,0,3.6,0,41,0,988.2,0,
27.4,0,0,1.5,0,72,0,990.2,0,
26.5,0,0,3.2,0,73,0,990.2,0,
25.9,0,0,.8,0,80,0,990.5,0,
30.4,0,0,1.4,0,59,0,989.8,0,
30.2,0,0,2.4,0,51,0,989.3,0,
27.6,0,0,1.3,0,67,0,989.7,0,
26.2,0,0,1.3,0,69,0,988.6,0,
25.9,0,0,2.8,0,72,0,988.3,0,
29.6,0,0,2.4,0,50,0,987.8,0,
30.2,0,0,1.9,0,56,0,986.9,0,
26.1,0,3,78,989.3,
24.2,0,1.7,91,989.1,
24.7,1,1.2,92,990.8,
25.6,0,1.9,90,991,
25.2,0,2.3,91,991.4,
24.2,0,0,2,0,90,0,993.2,0,
23.9,0,0,1.6,0,84,0,994.7,0,
27.5,0,0,3.3,0,68,0,996.9,0,
31.1,0,0,3.2,0,53,0,995.8,0,
27,0,2.8,78,997.4,
24.7,0,0,2.5,0,67,0,999.1,0,
23.2,0,0,2.1,0,71,0,1001.1,0,
30.1,0,0,2.1,0,52,0,1001,0,
30.8,0,0,1.3,0,49,0,999.9,0,
28.2,0,0,.9,0,60,0,1000.5,0,
25.7,0,0,1.8,0,69,0,1000.6,0,
24.4,0,0,2,0,69,0,1001.4,0,
27.9,0,0,2,0,58,0,1001.1,0,
28.1,0,0,3.3,0,55,0,999.9,0,
25.7,0,0,3.6,0,61,0,999.8,0,
23.8,0,0,3.5,0,62,0,998.5,0,
24.3,0,0,3.7,0,64,0,996.8,0,
26.9,0,3.9,64,995.9,
24.3,0,4.3,72,995,
23.8,0,0,3.6,0,69,0,995.2,0,
22.6,.5,1.3,90,994.1,
21.7,1,4.6,93,993.1,
22.3,3,3.6,99,992.2,
21.7,3.5,4.6,93,992.5,
20.9,0,4.6,93,993.8,
20.5,0,3.9,91,994.2,
22.8,0,0,4,0,80,0,995.9,0,
26.6,0,0,3.4,0,70,0,995.1,0,
24.5,0,0,3.2,0,74,0,995.6,0,
22,0,0,3.1,0,88,0,997.2,0,
21.3,0,0,2.3,0,86,0,997.4,0,
25.2,0,0,1.4,0,72,0,998.5,0,
27,0,1.4,77,997.3,
25.7,0,0,.7,0,78,0,998.8,0,
24.4,0,0,0,0,82,0,999.3,0,
24,0,0,.6,0,85,0,1000.7,0,
27.3,0,0,1.8,0,66,0,1001.4,0,
30.5,0,0,3.2,0,57,0,999.9,0,
25.4,0,0,1.9,0,83,0,1002.4,0,
23.6,0,0,2,0,86,0,1002,0,
24.4,0,0,2.7,0,79,0,1003.1,0,
27.7,0,0,2.2,0,71,0,1002.4,0,
27.9,0,0,1.7,0,67,0,1000.8,0,
26,0,2.2,78,1001.4,
22.8,3.5,3.5,97,1000,
22.1,7.5,3.4,99,1000.5,
23.9,0,2.8,90,998.4,
23.7,3,3.5,92,996.1,
23.7,1,1.2,99,996.9,
23.9,2,1.3,90,996.6,
25.8,0,0,3.3,0,76,0,997,0,
27.3,1.5,1.2,81,995.7,
26.1,0,0,1.9,0,80,0,997.5,0,
25.1,0,0,2.7,0,86,0,999.7,0,
23.5,0,0,.4,0,89,0,1001,0,
27.9,0,0,2,0,70,0,1002.6,0,
30.8,0,0,2.2,0,56,0,1001.4,0,
26.9,0,0,2.4,0,72,0,1003.6,0,
25,0,0,.1,0,81,0,1003.6,0,
24.7,4.5,1.7,98,1002.7,
27.8,1.5,1.7,90,1001,
29.5,0,0,5.6,0,76,0,1000.1,0,
27.5,0,4.8,86,1000.2,
27.4,0,4.1,83,998.1,
27.1,0,5.3,86,996.7,
27.6,1,7.4,85,993.5,
26.9,0,0,3.5,0,79,0,994.4,0,
24.4,0,0,.8,0,88,0,997.4,0,
22.7,0,0,1.1,0,93,0,997.8,0,
24.2,0,0,.4,0,80,0,999.1,0,
29.9,0,0,1.5,0,26,0,997.6,0,
26,0,0,4.3,0,53,0,998.2,0,
22.4,0,0,.9,0,70,0,1000.8,0,
19.9,0,0,1.7,0,82,0,1001.8,0,
24.7,0,0,1.6,0,32,0,1004.3,0,
28.8,0,0,4.1,0,29,0,1003.9,0,
24.7,0,0,2,0,57,0,1005,0,
20.9,0,0,1.4,0,62,0,1005.5,0,
19,0,0,2.2,0,69,0,1005.8,0,
24.4,0,0,1.9,0,55,0,1006.5,0,
26,0,0,.6,0,50,0,1004,0,
23.1,0,0,1.8,0,62,0,1004.2,0,
21,0,0,.2,0,71,0,1002.7,0,
20.9,0,0,.9,0,75,0,1003.1,0,
26.4,0,0,1.6,0,36,0,1001.4,0,
22.1,.3,2.5,80,999.1,
19,0,0,1.2,0,90,0,1000.9,0,
18.4,0,0,4,0,84,0,1002.4,0,
18.3,0,0,5.3,0,48,0,1005,0,
21.6,0,0,3.2,0,43,0,1004.6,0,
22.5,0,0,4.2,0,34,0,1003.4,0,
17.3,0,0,3.9,0,40,0,1005.4,0,
16.6,0,0,1,0,43,0,1004.4,0,
17.3,0,0,.8,0,50,0,1005.2,0,
21.6,0,0,2.3,0,46,0,1003.4,0,
22.4,0,0,1.7,0,67,0,1002.3,0,
20.1,0,0,.9,0,84,0,1003,0,
17.1,0,0,.4,0,88,0,1003,0,
23.2,0,0,1.4,0,63,0,1003.4,0,
27.1,0,0,1,0,41,0,1000.5,0,
23.3,0,0,2.1,0,52,0,1001.5,0,
19.8,0,0,2.6,0,67,0,1002.4,0,
17.3,0,0,1.4,0,78,0,1003.2,0,
25.7,0,0,2.6,0,40,0,1004,0,
29.4,0,0,1.2,0,36,0,1001.1,0,
23.4,0,0,1.8,0,61,0,1002.6,0,
20.1,0,0,1.4,0,72,0,1002.2,0,
19,0,0,2.3,0,71,0,1003.1,0,
27.1,0,0,2.9,0,41,0,1003,0,
27.9,0,0,.2,0,39,0,1001.5,0,
23.1,0,0,1.1,0,68,0,1002.7,0,
20.5,0,0,.8,0,79,0,1003.6,0,
20.9,0,0,1.9,0,64,0,1005.5,0,
27.7,0,0,1.8,0,45,0,1004.5,0,
26.6,0,0,2.8,0,59,0,1004.1,0,
22.9,0,0,.5,0,70,0,1006,0,
20,0,0,1.2,0,80,0,1005.9,0,
23.7,0,0,1.7,0,55,0,1006.6,0,
29.8,0,0,2.1,0,35,0,1004.4,0,
26,0,0,1.5,0,46,0,1004.1,0,
22.6,0,0,1.7,0,61,0,1004.9,0,
20.6,0,0,1.4,0,64,0,1003.2,0,
22.2,0,0,2,0,59,0,1003.3,0,
23.5,0,0,2.5,0,56,0,1000.8,0,
22.5,0,0,.6,0,67,0,1000.1,0,
20.5,0,0,.4,0,72,0,1000,0,
19.6,0,0,.7,0,77,0,998.8,0,
23.4,0,0,.3,0,64,0,999.2,0,
21.3,1,1.2,75,997.9,
19.2,0,1.9,82,998.4,
18.1,0,0,.8,0,77,0,997.7,0,
18,0,0,.4,0,83,0,997.8,0,
24.8,0,0,1.7,0,60,0,997.9,0,
27.2,0,0,2.6,0,57,0,996.8,0,
22.2,0,0,.8,0,85,0,999.2,0,
21.1,0,0,.5,0,89,0,1000.5,0,
21.3,0,0,.6,0,81,0,1002.1,0,
27.8,0,0,2.4,0,44,0,1001.3,0,
27.5,0,0,3.1,0,49,0,1000.5,0,
22.6,0,0,1.3,0,83,0,1002.5,0,
20.1,0,0,1.3,0,86,0,1002.6,0,
22.6,0,0,.5,0,71,0,1003.7,0,
27.9,0,0,3.1,0,53,0,1002.2,0,
25.5,0,0,1.9,0,62,0,1002.4,0,
21.9,0,0,.6,0,80,0,1004.2,0,
20,0,0,1.8,0,84,0,1004.1,0,
23.4,0,0,1.7,0,72,0,1005.4,0,
26,0,0,1.8,0,65,0,1002.8,0,
23.7,0,1.8,75,1002.6,
21.8,.5,1,89,1000.7,
18.9,2.5,1.7,92,997.6,
20.6,0,3.3,81,996.9,
23.7,0,0,1.9,0,67,0,995.7,0,
21.4,0,0,.3,0,77,0,998.5,0,
19.2,0,0,.4,0,84,0,1000.4,0,
17.7,0,0,1,0,90,0,1002.6,0,
25.4,0,0,2.2,0,58,0,1003.4,0,
26.7,0,0,4.3,0,37,0,1003.3,0,
20.1,0,0,1.6,0,44,0,1006.3,0,
17.4,0,0,.7,0,53,0,1007.3,0,
18.1,0,0,1.2,0,55,0,1008.8,0,
25.3,0,0,3.1,0,38,0,1008.3,0,
25.3,0,0,3.1,0,37,0,1007.9,0,
19.6,0,0,.5,0,64,0,1009.3,0,
16.1,0,0,1.2,0,67,0,1009.5,0,
20.7,0,0,1.6,0,49,0,1010.6,0,
28.5,0,0,1.6,0,31,0,1007.9,0,
24.7,0,0,.7,0,44,0,1007.9,0,
21,0,0,2.6,0,55,0,1009.8,0,
18.4,0,0,3,0,61,0,1009.7,0,
24.4,0,0,5.6,0,47,0,1010.6,0,
27.6,0,0,2.1,0,35,0,1007.7,0,
23,0,0,4.2,0,39,0,1007.8,0,
18.8,0,0,3,0,55,0,1007.9,0,
17,0,0,2.6,0,61,0,1006.8,0,
24.7,0,0,4.4,0,44,0,1005.9,0,
27.1,0,0,4.4,0,42,0,1001.9,0,
21.8,0,0,3.6,0,52,0,1003.2,0,
19.4,0,0,2.6,0,57,0,1001.1,0,
19.5,0,0,3.5,0,55,0,1000,0,
27.1,0,0,2.2,0,44,0,997.6,0,
28.4,0,0,2.6,0,39,0,994.6,0,
21.2,0,0,1.7,0,59,0,996.5,0,
17.6,0,0,.2,0,74,0,997.1,0,
18.3,0,0,.8,0,63,0,998.9,0,
26.6,0,0,2.9,0,42,0,998.4,0,
24.2,0,0,3.6,0,58,0,997.7,0,
20.9,0,0,1.6,0,77,0,999.4,0,
20.4,0,0,.6,0,83,0,999.4,0,
22.2,0,0,2.1,0,73,0,1000.4,0,
25.2,0,0,5.7,0,75,0,997.2,0,
24.4,0,0,4.4,0,77,0,997,0,
20.6,0,0,3.4,0,85,0,999.2,0,
15.2,0,0,1.4,0,52,0,1001,0,
19.2,0,0,2.6,0,43,0,1003.1,0,
24.8,0,0,2,0,33,0,1001.7,0,
20,0,0,2.1,0,55,0,1003.1,0,
16.7,0,0,1.4,0,71,0,1004.2,0,
14.4,0,0,1.6,0,80,0,1004.6,0,
23,0,0,1.8,0,47,0,1005.4,0,
26.8,0,0,2.3,0,30,0,1002.7,0,
20.3,0,0,1.5,0,69,0,1003.7,0,
16.4,0,0,1.8,0,70,0,1003.5,0,
15.6,0,0,2,0,69,0,1003.3,0,
24.9,0,0,1.9,0,48,0,1003.2,0,
25.4,0,0,3.8,0,46,0,1001.4,0,
19.5,0,0,1.2,0,71,0,1003.5,0,
17.6,0,0,1.6,0,78,0,1004.4,0,
19.3,0,0,1.4,0,79,0,1005.8,0,
25.8,0,0,2.5,0,64,0,1005.5,0,
24.8,0,0,3.3,0,46,0,1004.9,0,
20.5,0,0,.3,0,84,0,1006,0,
18.9,0,0,1.6,0,83,0,1005.6,0,
20.7,0,0,2.4,0,76,0,1006.4,0,
27.7,0,0,3,0,56,0,1003.6,0,
23.8,0,0,3,0,81,0,1005.6,0,
19.8,0,0,.9,0,74,0,1004.5,0,
18,0,0,1.1,0,79,0,1005.8,0,
24.1,0,0,2.3,0,56,0,1006.2,0,
29.8,0,0,1.3,0,37,0,1003.5,0,
24.4,0,0,1.2,0,53,0,1004.2,0,
21.3,0,0,2.5,0,65,0,1003.8,0,
19.5,0,0,2.2,0,72,0,1003.8,0,
26.5,0,0,2.8,0,50,0,1003.6,0,
30.4,0,0,1.2,0,39,0,1000,0,
25,0,1.3,65,1000.5,
23.2,.5,2.4,75,999.3,
21,0,0,1.6,0,56,0,998.5,0,
23.8,0,0,2.6,0,70,0,996.5,0,
24.8,0,0,2.3,0,58,0,995.9,0,
20.4,0,0,1.1,0,67,0,998.4,0,
18.5,0,0,1.9,0,75,0,999,0,
19.2,0,0,2.8,0,56,0,1000.7,0,
24.9,0,0,3.5,0,30,0,999,0,
19.1,0,0,2.9,0,46,0,1000,0,
14.3,0,0,1.9,0,47,0,1003.8,0,
11.7,0,0,.9,0,61,0,1005.9,0,
18.7,0,0,1.4,0,28,0,1008.1,0,
22.4,0,0,4.2,0,27,0,1006.8,0,
17.9,0,0,2.3,0,42,0,1008.2,0,
16.7,0,0,1.6,0,55,0,1009.5,0,
14.9,0,0,1.4,0,68,0,1010.7,0,
22.5,0,0,1.1,0,57,0,1012.3,0,
25.3,0,0,2.4,0,52,0,1010.7,0,
20.3,0,0,1.5,0,76,0,1011.4,0,
17.9,0,0,1.8,0,81,0,1009.9,0,
17.3,0,0,2.7,0,77,0,1008.5,0,
21.1,0,1.3,59,1008.7,
18.8,0,2.7,70,1003.8,
15.7,.5,3.7,89,1004,
16.3,.5,2.8,93,1000.8,
17.8,0,0,1.7,0,77,0,1000.7,0,
27.4,0,0,3.7,0,44,0,1000.3,0,
25.8,0,0,3.4,0,47,0,1000.8,0,
20,0,0,1.7,0,63,0,1003.6,0,
15.2,0,0,2.1,0,64,0,1005.3,0,
16,0,0,2.5,0,47,0,1008.8,0,
23.2,0,0,.9,0,48,0,1007.1,0,
18,0,0,3.6,0,46,0,1008.7,0,
14.1,0,0,1.2,0,49,0,1011.4,0,
11.2,0,0,1.6,0,59,0,1012.9,0,
18,0,0,2.4,0,43,0,1014.8,0,
22.7,0,0,1.3,0,36,0,1012,0,
17.4,0,0,.9,0,54,0,1012.9,0,
15.2,0,0,2.9,0,57,0,1014,0,
13.9,0,0,2.6,0,69,0,1014.1,0,
21,0,0,1.9,0,49,0,1014,0,
21.9,0,0,2.2,0,48,0,1012,0,
19.3,0,0,1.8,0,55,0,1012.7,0,
17.5,0,0,1.5,0,59,0,1011.7,0,
16.3,0,0,1.5,0,67,0,1010.4,0,
23.1,0,0,2.6,0,47,0,1009.4,0,
19.6,0,0,2.2,0,64,0,1006.8,0,
17.7,0,2.8,86,1008.2,
17.2,0,1.3,87,1007.9,
17.5,0,0,.2,0,83,0,1010,0,
26.4,0,0,1.2,0,48,0,1009.6,0,
25,0,0,1,0,54,0,1009.7,0,
21.5,0,0,1.4,0,72,0,1011.4,0,
20.4,0,0,.7,0,80,0,1011.3,0,
22.6,0,0,.8,0,65,0,1013.2,0,
28.3,0,0,2,0,43,0,1011.2,0,
22.6,0,0,2.2,0,69,0,1011.8,0,
20.8,0,0,.9,0,76,0,1012.4,0,
20.3,0,0,1.1,0,74,0,1012.4,0,
23.7,0,0,1.9,0,60,0,1012.8,0,
26.7,0,0,2,0,47,0,1009.8,0,
21.6,0,0,1.8,0,76,0,1010,0,
19.5,0,0,.6,0,84,0,1009.9,0,
18.8,0,0,.4,0,82,0,1009.6,0,
22.9,0,0,1.7,0,68,0,1009.4,0,
23.8,0,0,1.8,0,62,0,1007.6,0,
21.8,0,0,.5,0,74,0,1006.5,0,
20.3,6,3.7,92,1004.5,
15.6,1,2.2,92,1006.7,
16.2,0,0,3.3,0,79,0,1007.8,0,
16.6,0,0,2.9,0,62,0,1008.3,0,
12.8,0,0,2.7,0,66,0,1011.3,0,
11.6,0,0,2.4,0,69,0,1011.2,0,
11,0,0,1.6,0,69,0,1011.9,0,
13.5,0,0,1.7,0,64,0,1009.7,0,
10.2,0,0,3.1,0,65,0,1010.4,0,
7.5,0,0,1,0,77,0,1011.1,0,
6.2,0,0,1.2,0,72,0,1012.1,0,
16.8,0,0,3.6,0,34,0,1012.1,0,
17.4,0,0,3,0,37,0,1011.2,0,
14.1,0,0,6.6,0,53,0,1013.4,0,
10.2,0,0,2.5,0,66,0,1014,0,
9.9,0,0,1.5,0,69,0,1016.4,0,
19.6,0,0,0,23,0,1015.5,0,
16.6,0,0,0,29,0,1014.6,0,
14,0,0,1.1,0,30,0,1016.7,0,
10.3,0,0,.8,0,48,0,1016.3,0,
13.4,0,0,2.3,0,40,0,1018.7,0,
22,0,0,2.8,0,29,0,1015.6,0,
17.4,0,0,.4,0,44,0,1016.7,0,
15,0,0,1.5,0,57,0,1017.6,0,
14.3,0,0,1.1,0,64,0,1018,0,
16.7,0,0,.6,0,54,0,1018.5,0,
21.8,0,0,3.5,0,35,0,1014.8,0,
16.7,0,0,2.3,0,36,0,1015.4,0,
13.2,0,0,1.3,0,35,0,1015.3,0,
9.5,0,0,.7,0,53,0,1015.1,0,
19.4,0,0,1.9,0,40,0,1015.5,0,
23.4,0,0,1.8,0,29,0,1012.2,0,
15.9,0,0,1.7,0,60,0,1013.3,0,
15.2,0,0,2.7,0,62,0,1014.1,0,
15.1,0,0,2.6,0,60,0,1014.2,0,
18.9,0,0,3.1,0,45,0,1013.4,0,
17.3,0,2.2,60,1012,
15.9,0,1.9,71,1012.3,
